
$$LKR01,28,17:17:31,51.88916,-2.06106,00079,0,0,5,26.1,5.7,0.126,21.80,101.24,43.69,0,0,344.1*666C
$$LKR01,29,17:17:37,51.88917,-2.06105,00076,0,0,5,26.1,5.7,0.126,21.74,101.24,43.92,0,0,339.7*1C97
$$LKR01,30,17:17:42,51.88917,-2.06104,00075,0,0,5,26.2,5.7,0.143,21.70,101.24,43.86,0,0,339.9*20B7
$$LKR01,31,17:17:48,51.88918,-2.06103,00074,0,0,5,26.2,5.7,0.143,21.70,101.24,44.41,0,0,338.8*AE26
$$LKR01,32,17:17:53,51.88919,-2.06103,00073,0,0,5,26.3,5.6,0.190,21.72,101.24,44.59,0,0,344.1*1197
$$LKR01,33,17:17:58,51.88919,-2.06103,00074,0,0,5,26.3,5.6,0.190,21.73,101.24,44.67,0,0,344.1*B09D
$$LKR01,34,17:18:04,51.88918,-2.06104,00075,0,0,5,26.4,5.6,0.188,21.79,101.24,44.53,0,0,339.9*BFBB
$$LKR01,35,17:18:09,51.88917,-2.06106,00078,0,0,5,26.4,5.6,0.188,21.82,101.24,44.38,0,0,339.7*6677
$$LKR01,36,17:18:15,51.88917,-2.06106,00080,0,0,5,26.4,5.6,0.130,21.86,101.24,44.40,9109,10064,339.3*C086
$$LKR01,37,17:18:21,51.88918,-2.06106,00079,0,0,7,26.5,5.6,0.130,21.93,101.24,43.76,40853,53185,339.2*42EC
$$LKR01,38,17:18:27,51.88919,-2.06102,00077,0,0,7,26.6,5.7,0.125,21.88,101.23,42.94,0,26722,337.4*C290
$$LKR01,39,17:18:32,51.88919,-2.06103,00078,0,0,7,26.6,5.7,0.125,21.84,101.23,43.57,7115,0,338.5*6C16
$$LKR01,40,17:18:38,51.88920,-2.06101,00075,0,0,7,26.4,5.7,0.128,21.80,101.23,42.91,48901,6247,338.1*6826
$$LKR01,41,17:18:44,51.88921,-2.06100,00072,0,0,7,26.5,5.7,0.128,21.76,101.23,44.26,46840,4565,337.8*2601
$$LKR01,42,17:18:50,51.88920,-2.06099,00073,0,0,7,26.6,5.7,0.123,21.75,101.23,45.03,0,14879,318.8*90A7
$$LKR01,43,17:18:55,51.88921,-2.06098,00071,0,0,7,26.6,5.7,0.123,21.78,101.24,45.45,0,14394,1069.7*603A
$$LKR01,44,17:19:01,51.88920,-2.06096,00074,0,0,7,26.6,5.7,0.143,21.80,101.24,46.08,18293,30482,3.7*9201
$$LKR01,45,17:19:07,51.88919,-2.06096,00075,0,0,7,26.6,5.7,0.143,21.85,101.24,45.76,25016,40266,763.0*D2B8
$$LKR01,46,17:19:13,51.88920,-2.06097,00075,0,0,7,26.6,5.6,0.184,21.86,101.24,46.19,19745,30945,1059.4*8D59
$$LKR01,47,17:19:19,51.88920,-2.06098,00074,0,0,7,26.7,5.6,0.184,21.88,101.24,46.00,44718,3340,338.1*F60D
$$LKR01,48,17:19:24,51.88920,-2.06098,00073,0,0,7,26.8,5.6,0.183,21.91,101.24,45.38,58426,25873,337.6*212C
$$LKR01,49,17:19:30,51.88920,-2.06100,00072,0,0,7,26.8,5.6,0.183,21.94,101.24,45.15,9250,50244,333.2*575A
$$LKR01,50,17:19:36,51.88919,-2.06099,00069,0,0,7,26.8,5.6,0.148,22.02,101.24,44.89,18375,28848,341.3*FBF4
$$LKR01,51,17:19:42,51.88919,-2.06095,00067,1,0,6,26.8,5.6,0.148,22.06,101.23,44.44,17733,27880,338.1*2319
$$LKR01,52,17:19:48,51.88922,-2.06096,00063,5,0,7,26.9,5.6,0.124,22.06,101.23,44.11,0,1285,338.6*D12B
$$LKR01,53,17:19:54,51.88926,-2.06093,00060,0,0,7,26.9,5.6,0.124,22.06,101.22,44.26,0,0,335.7*25EA
$$LKR01,54,17:19:59,51.88927,-2.06094,00061,3,0,5,26.9,5.7,0.127,22.06,101.22,44.29,0,0,339.2*52F3
$$LKR01,55,17:20:04,51.88930,-2.06099,00062,1,0,5,26.9,5.7,0.127,22.07,101.23,45.27,0,0,339.3*6060
$$LKR01,56,17:20:10,51.88931,-2.06073,00080,0,0,7,26.9,5.6,0.132,22.07,101.23,45.36,10878,17131,338.3*53C7
$$LKR01,57,17:20:16,51.88932,-2.06073,00086,0,0,6,27.0,5.6,0.132,22.04,101.22,43.59,13235,20367,316.1*EAA7
$$LKR01,58,17:20:22,51.88931,-2.06074,00088,0,0,7,27.0,5.6,0.167,22.03,101.22,43.46,17219,26599,338.3*0322
$$LKR01,59,17:20:28,51.88932,-2.06070,00083,1,27,7,27.1,5.6,0.167,22.01,101.22,44.34,0,771,340.4*6C2E
$$LKR01,60,17:20:33,51.88932,-2.06069,00079,0,0,7,27.1,5.6,0.178,22.04,101.22,49.77,0,1542,1153.8*0699
$$LKR01,61,17:20:39,51.88933,-2.06065,00075,0,0,7,27.1,5.6,0.178,22.05,101.22,49.35,0,0,1141.9*A778
$$LKR01,62,17:20:45,51.88935,-2.06064,00072,0,0,7,27.2,5.6,0.176,22.06,101.23,47.91,0,0,1141.9*9467
$$LKR01,63,17:20:50,51.88936,-2.06063,00071,0,0,7,27.2,5.6,0.176,22.09,101.22,49.05,0,0,1143.8*C62D
$$LKR01,64,17:20:56,51.88936,-2.06062,00069,0,0,7,27.2,5.6,0.173,22.14,101.22,51.05,0,0,1141.9*F5AA
$$LKR01,65,17:21:01,51.88936,-2.06061,00066,0,0,7,27.2,5.6,0.173,22.18,101.23,51.77,0,0,1141.9*554E
$$LKR01,66,17:21:07,51.88935,-2.06062,00067,0,0,8,27.3,5.6,0.125,22.21,101.22,51.83,0,0,1139.9*5852
$$LKR01,67,17:21:12,51.88935,-2.06063,00066,0,0,8,27.4,5.6,0.125,22.24,101.23,52.06,0,0,1141.9*CB4E
$$LKR01,68,17:21:18,51.88935,-2.06063,00067,0,0,8,27.4,5.6,0.126,22.27,101.22,52.46,0,0,1143.8*95DE
$$LKR01,69,17:21:23,51.88935,-2.06063,00067,0,0,8,27.5,5.6,0.126,22.31,101.23,52.90,0,0,1143.8*5AC0
$$LKR01,70,17:21:29,51.88936,-2.06063,00068,0,0,8,27.6,5.6,0.126,22.34,101.23,53.32,0,0,1208.8*8F82
$$LKR01,71,17:21:33,51.88936,-2.06063,00067,0,0,9,27.6,5.6,0.126,22.37,101.23,53.57,0,0,1143.8*13E3
$$LKR01,72,17:21:39,51.88936,-2.06063,00067,0,0,9,27.7,5.6,0.126,22.40,101.23,53.79,0,0,1141.9*4CB4
$$LKR01,73,17:21:44,51.88936,-2.06064,00067,0,0,9,27.8,5.6,0.133,22.43,101.23,54.03,0,0,1143.8*2073
$$LKR01,74,17:21:50,51.88937,-2.06064,00068,0,0,9,27.8,5.6,0.133,22.48,101.23,54.52,0,0,1141.9*55CC
$$LKR01,75,17:21:55,51.88937,-2.06063,00066,0,0,9,27.8,5.6,0.177,22.52,101.23,54.70,0,0,1143.8*8C76
$$LKR01,76,17:22:01,51.88937,-2.06063,00065,0,0,9,27.9,5.6,0.177,22.54,101.23,54.90,0,0,1202.2*2B2A
$$LKR01,77,17:22:06,51.88937,-2.06063,00065,0,0,9,27.9,5.6,0.176,22.57,101.23,55.13,0,0,1200.0*0EFD
$$LKR01,78,17:22:12,51.88936,-2.06063,00065,0,0,11,28.0,5.6,0.176,22.59,101.23,55.37,0,0,1197.8*C042
$$LKR01,79,17:22:18,51.88936,-2.06063,00065,0,0,11,28.0,5.6,0.144,22.62,101.23,55.58,0,0,1195.7*272E
$$LKR01,80,17:22:23,51.88935,-2.06064,00066,0,0,11,28.0,5.6,0.144,22.65,101.23,55.68,0,0,1197.8*74CC
$$LKR01,81,17:22:29,51.88934,-2.06064,00068,0,0,12,28.1,5.6,0.128,22.67,101.23,55.79,0,0,1202.2*606E
$$LKR01,82,17:22:34,51.88933,-2.06065,00068,0,0,12,28.1,5.6,0.128,22.70,101.23,55.91,0,0,1197.8*1FFC
$$LKR01,83,17:22:40,51.88931,-2.06065,00069,0,138,12,28.2,5.6,0.127,22.74,101.23,56.23,0,0,1197.8*6711
$$LKR01,84,17:22:45,51.88931,-2.06066,00070,0,0,12,28.2,5.6,0.127,22.76,101.23,56.32,0,0,1143.8*DA52
$$LKR01,85,17:22:51,51.88931,-2.06066,00072,0,0,12,28.2,5.6,0.125,22.79,101.23,56.29,0,0,1141.9*1F69
$$LKR01,86,17:22:57,51.88931,-2.06065,00073,1,77,12,28.3,5.6,0.125,22.81,101.25,56.33,0,0,1143.8*589B
$$LKR01,87,17:23:02,51.88934,-2.06061,00075,1,28,12,28.3,5.6,0.131,22.83,101.25,56.39,0,0,1092.7*2BEF
$$LKR01,88,17:23:08,51.88929,-2.06057,00075,13,146,12,28.4,5.6,0.131,22.86,101.25,56.64,0,0,1092.7*48C8
$$LKR01,89,17:23:14,51.88908,-2.06021,00077,27,131,12,28.4,5.6,0.177,22.88,101.25,56.75,0,0,1090.9*B78B
$$LKR01,90,17:23:19,51.88898,-2.05971,00077,26,90,12,28.4,5.6,0.177,22.90,101.24,56.88,0,0,333.0*ED4C
$$LKR01,91,17:23:25,51.88905,-2.05907,00080,26,75,12,28.5,5.5,0.180,22.95,101.21,56.95,0,0,333.2*9653
$$LKR01,92,17:23:31,51.88919,-2.05879,00083,0,0,12,28.5,5.5,0.180,22.98,101.19,56.98,0,0,844.0*13C3
$$LKR01,93,17:23:36,51.88919,-2.05879,00083,0,0,12,28.6,5.5,0.135,23.00,101.19,56.90,0,0,333.2*6A45
$$LKR01,94,17:23:42,51.88918,-2.05877,00085,0,0,12,28.6,5.5,0.135,23.03,101.19,56.69,0,0,771.0*A20B
$$LKR01,95,17:23:47,51.88919,-2.05863,00087,16,126,12,28.7,5.6,0.135,23.04,101.19,56.43,0,0,932.2*D422
$$LKR01,96,17:23:53,51.88893,-2.05824,00088,29,137,12,28.7,5.6,0.135,23.06,101.19,56.08,0,0,1076.7*BF7A
$$LKR01,97,17:23:59,51.88847,-2.05776,00086,40,166,12,28.8,5.6,0.127,23.08,101.18,55.36,0,0,1159.9*E80F
$$LKR01,98,17:24:04,51.88789,-2.05776,00080,50,187,11,28.8,5.6,0.127,23.10,101.20,54.67,0,0,1012.3*BD50
$$LKR01,99,17:24:10,51.88711,-2.05775,00078,52,166,11,28.8,5.6,0.126,23.14,101.23,53.87,0,0,928.3*6756
$$LKR01,100,17:24:16,51.88635,-2.05743,00083,53,164,12,28.9,5.6,0.126,23.16,101.20,53.53,0,0,994.0*92B8
$$LKR01,101,17:24:21,51.88571,-2.05715,00085,48,162,12,28.9,5.6,0.147,23.17,101.16,53.29,0,0,992.5*2FD9
$$LKR01,102,17:24:27,51.88502,-2.05681,00092,44,164,12,28.9,5.6,0.147,23.18,101.13,53.13,0,0,995.5*CCA3
$$LKR01,103,17:24:33,51.88443,-2.05657,00092,29,167,12,28.9,5.6,0.177,23.12,101.09,52.90,0,0,995.5*38B7
$$LKR01,104,17:24:39,51.88425,-2.05648,00090,9,162,12,28.9,5.6,0.177,23.23,101.11,52.70,0,0,1026.4*D27D
$$LKR01,105,17:24:44,51.88414,-2.05669,00087,27,270,12,29.0,5.5,0.180,23.24,101.11,52.43,0,0,1029.6*C845
$$LKR01,106,17:24:50,51.88410,-2.05743,00085,29,258,12,29.1,5.5,0.180,23.24,101.09,51.68,0,0,1028.0*623A
$$LKR01,107,17:24:56,51.88403,-2.05815,00079,24,256,12,29.1,5.5,0.135,23.30,101.11,51.33,0,0,1026.4*27EA
$$LKR01,108,17:25:02,51.88399,-2.05877,00077,29,265,12,29.1,5.5,0.135,23.31,101.12,50.97,0,0,1026.4*2B22
$$LKR01,109,17:25:08,51.88380,-2.05961,00072,39,239,12,29.2,5.6,0.127,23.32,101.13,50.82,0,0,991.0*E622
$$LKR01,110,17:25:13,51.88351,-2.06027,00069,35,223,11,29.2,5.6,0.127,23.33,101.16,50.69,0,0,992.5*2EF7
$$LKR01,111,17:25:19,51.88329,-2.06100,00061,33,262,12,29.2,5.6,0.125,23.35,101.18,50.59,0,0,1021.7*E996
$$LKR01,112,17:25:25,51.88322,-2.06196,00066,35,256,10,29.2,5.6,0.125,23.37,101.19,50.43,0,0,337.4*26C7
$$LKR01,113,17:25:31,51.88306,-2.06278,00068,35,245,12,29.3,5.6,0.124,23.36,101.16,50.09,0,0,337.1*F885
$$LKR01,114,17:25:36,51.88277,-2.06339,00073,35,217,12,29.3,5.6,0.124,23.38,101.13,49.84,0,0,337.3*C627
$$LKR01,115,17:25:42,51.88231,-2.06373,00074,31,175,12,29.3,5.6,0.127,23.41,101.13,49.75,0,0,337.3*00A3
$$LKR01,116,17:25:48,51.88178,-2.06372,00076,31,178,12,29.4,5.6,0.127,23.33,101.10,49.78,0,0,351.1*8933
$$LKR01,117,17:25:53,51.88140,-2.06373,00076,22,182,12,29.4,5.6,0.182,23.44,101.11,49.78,0,0,337.3*A664
$$LKR01,118,17:25:59,51.88091,-2.06371,00079,46,178,12,29.4,5.6,0.182,23.45,101.11,49.56,0,0,337.4*A457
$$LKR01,119,17:26:05,51.88021,-2.06369,00079,44,179,10,29.5,5.5,0.180,23.48,101.08,49.34,0,0,337.1*278B
$$LKR01,120,17:26:11,51.87948,-2.06366,00079,48,179,12,29.5,5.5,0.180,23.49,101.06,49.41,0,0,337.4*2172
$$LKR01,121,17:26:16,51.87887,-2.06367,00082,46,182,12,29.6,5.5,0.167,23.51,101.04,49.34,0,0,337.3*1375
$$LKR01,122,17:26:22,51.87814,-2.06363,00086,46,178,12,29.6,5.5,0.167,23.52,101.02,49.10,0,257,337.3*3E4E
$$LKR01,123,17:26:28,51.87746,-2.06363,00087,42,182,12,29.6,5.6,0.125,23.53,100.99,48.97,0,0,337.1*7DC9
$$LKR01,124,17:26:34,51.87679,-2.06360,00087,44,178,12,29.6,5.6,0.125,23.54,100.98,48.80,0,0,337.3*2E3A
$$LKR01,125,17:26:39,51.87623,-2.06352,00090,46,156,12,29.6,5.6,0.131,23.55,100.96,48.68,0,0,336.9*8DBC
$$LKR01,126,17:26:45,51.87558,-2.06313,00092,44,159,12,29.7,5.6,0.131,23.57,100.95,48.45,0,0,337.3*7021
$$LKR01,127,17:26:51,51.87502,-2.06286,00097,24,168,11,29.8,5.6,0.125,23.59,100.95,48.35,0,0,337.4*E60A
$$LKR01,128,17:26:57,51.87489,-2.06287,00098,1,0,11,29.8,5.6,0.125,23.60,100.94,48.28,0,0,337.4*0ECC
$$LKR01,129,17:27:02,51.87495,-2.06299,00100,9,300,11,29.8,5.6,0.135,23.61,100.95,48.21,0,0,337.4*CD7F
$$LKR01,130,17:27:08,51.87497,-2.06314,00099,3,257,12,29.8,5.6,0.135,23.62,100.95,48.15,0,0,337.3*E332
$$LKR01,131,17:27:13,51.87497,-2.06321,00100,3,266,12,29.9,5.6,0.170,23.63,100.95,48.19,0,0,337.4*0358
$$LKR01,132,17:27:19,51.87497,-2.06327,00105,1,0,12,29.9,5.6,0.170,23.64,100.94,48.06,0,0,337.1*C609
$$LKR01,133,17:27:25,51.87497,-2.06328,00106,1,0,11,29.9,5.5,0.178,23.66,100.94,47.94,0,0,337.3*37AF
$$LKR01,134,17:27:30,51.87496,-2.06330,00106,0,0,12,29.9,5.5,0.178,23.68,100.94,47.98,0,0,337.4*7F6F
$$LKR01,135,17:27:36,51.87496,-2.06333,00105,0,0,12,30.0,5.5,0.176,23.69,100.94,48.11,0,0,337.4*93EE
$$LKR01,136,17:27:42,51.87496,-2.06334,00105,0,0,12,30.1,5.5,0.176,23.70,100.94,48.08,0,0,337.3*1F9C
$$LKR01,137,17:27:47,51.87496,-2.06334,00104,0,0,12,30.1,5.6,0.123,23.72,100.94,48.15,0,0,337.4*CB47
$$LKR01,138,17:27:53,51.87496,-2.06336,00102,0,0,12,30.1,5.6,0.123,23.72,100.88,48.12,0,0,337.4*8CB6
$$LKR01,139,17:27:58,51.87495,-2.06336,00101,0,0,12,30.1,5.6,0.124,23.74,100.88,48.05,0,1799,337.4*4291
$$LKR01,140,17:28:04,51.87495,-2.06336,00101,0,0,12,30.2,5.6,0.124,23.74,100.91,47.82,0,0,338.3*9808
$$LKR01,141,17:28:10,51.87495,-2.06331,00100,1,0,12,30.2,5.6,0.126,23.75,100.90,47.52,24972,39344,338.5*F7E3
$$LKR01,142,17:28:16,51.87497,-2.06330,00101,0,0,12,30.2,5.6,0.126,23.67,100.91,44.85,10878,16874,338.5*7C81
$$LKR01,143,17:28:22,51.87493,-2.06331,00100,1,212,12,30.2,5.6,0.132,23.62,100.90,44.52,10922,17154,337.8*C6CB
$$LKR01,144,17:28:28,51.87493,-2.06325,00101,3,97,12,30.2,5.6,0.132,23.46,100.90,44.63,33795,52235,337.8*4D26
$$LKR01,145,17:28:34,51.87493,-2.06313,00100,5,79,12,30.2,5.5,0.182,23.13,100.90,45.46,37779,58724,337.9*73FB
$$LKR01,146,17:28:40,51.87493,-2.06301,00100,3,96,12,30.2,5.5,0.182,22.44,100.92,47.77,36666,57269,337.3*412A
$$LKR01,147,17:28:46,51.87489,-2.06292,00103,3,151,10,30.2,5.5,0.182,22.23,100.92,47.39,18889,29876,337.4*9708
$$LKR01,148,17:28:52,51.87482,-2.06286,00107,1,0,12,30.1,5.5,0.182,21.85,100.92,47.03,10922,17668,337.9*0622
$$LKR01,149,17:28:58,51.87475,-2.06290,00112,3,179,12,30.1,5.5,0.177,21.58,100.91,48.17,20089,31377,337.4*4F59
$$LKR01,150,17:29:04,51.87466,-2.06289,00114,3,185,12,30.1,5.6,0.177,21.31,100.91,48.62,22102,34309,337.4*9EDA
$$LKR01,151,17:29:10,51.87458,-2.06288,00112,1,164,12,30.0,5.6,0.125,20.93,100.90,51.15,20089,31377,337.4*9A81
$$LKR01,152,17:29:16,51.87449,-2.06285,00112,3,164,12,29.9,5.6,0.128,20.71,100.90,51.91,23515,36301,337.3*162D
$$LKR01,153,17:29:23,51.87439,-2.06285,00113,3,174,12,29.9,5.6,0.128,20.54,100.89,53.53,22359,34823,337.4*1EDB
$$LKR01,154,17:29:29,51.87432,-2.06282,00114,5,168,12,29.9,5.6,0.134,20.38,100.89,53.33,22359,35080,337.4*07C8
$$LKR01,155,17:29:35,51.87425,-2.06280,00116,3,170,12,29.8,5.6,0.134,20.11,100.88,52.37,23258,35530,337.1*0CF1
$$LKR01,156,17:29:41,51.87420,-2.06275,00116,5,154,12,29.8,5.6,0.130,19.98,100.87,53.25,27499,42276,337.3*734E
$$LKR01,157,17:29:47,51.87413,-2.06269,00117,3,157,12,29.7,5.6,0.130,19.86,100.87,53.31,10023,15934,333.3*85DF
$$LKR01,158,17:29:53,51.87407,-2.06267,00118,1,0,12,29.6,5.6,0.161,19.68,100.87,54.07,8051,12634,337.3*D7F1
$$LKR01,159,17:29:59,51.87399,-2.06264,00118,3,164,12,29.6,5.6,0.161,19.53,100.86,54.29,16062,25635,337.3*3496
$$LKR01,160,17:30:05,51.87391,-2.06262,00118,3,183,12,29.5,5.5,0.181,19.31,100.85,54.68,20688,32317,336.7*575D
$$LKR01,161,17:30:11,51.87384,-2.06260,00119,7,164,12,29.5,5.5,0.181,19.33,100.84,54.72,6039,10472,336.9*889E
$$LKR01,162,17:30:17,51.87376,-2.06257,00119,1,143,12,29.5,5.5,0.185,19.32,100.84,55.09,7196,12207,332.7*F4A4
$$LKR01,163,17:30:23,51.87367,-2.06251,00114,3,152,12,29.5,5.5,0.185,19.32,100.83,55.62,10621,17131,336.7*3725
$$LKR01,164,17:30:29,51.87357,-2.06242,00112,5,143,12,29.5,5.5,0.127,19.31,100.83,56.52,12934,20344,332.8*3ED8
$$LKR01,165,17:30:36,51.87350,-2.06231,00113,5,140,12,29.5,5.6,0.127,19.31,100.82,57.17,3084,6296,336.9*59EB
$$LKR01,166,17:30:42,51.87344,-2.06222,00111,3,140,12,29.5,5.6,0.126,19.32,100.82,56.96,1670,4304,332.8*EF71
$$LKR01,167,17:30:48,51.87339,-2.06209,00113,3,108,12,29.6,5.6,0.130,19.33,100.81,56.79,771,3084,336.9*925F
$$LKR01,168,17:30:54,51.87334,-2.06200,00115,3,138,12,29.6,5.6,0.130,19.32,100.80,56.78,771,3341,336.0*90A9
$$LKR01,169,17:31:00,51.87327,-2.06193,00113,5,150,12,29.6,5.6,0.126,19.32,100.80,56.68,514,2827,332.3*84F2
$$LKR01,170,17:31:06,51.87318,-2.06188,00113,3,156,12,29.6,5.6,0.126,19.30,100.79,55.90,1028,3341,332.2*36F5
$$LKR01,171,17:31:12,51.87312,-2.06184,00114,5,149,12,29.6,5.5,0.179,19.29,100.78,55.25,771,3084,336.0*3ACA
$$LKR01,172,17:31:18,51.87304,-2.06182,00114,1,0,12,29.6,5.5,0.179,19.25,100.78,55.61,257,2313,336.4*EFC4
$$LKR01,173,17:31:23,51.87298,-2.06181,00117,3,171,12,29.6,5.5,0.181,19.23,100.77,55.93,514,2827,336.2*DEAB
$$LKR01,174,17:31:29,51.87289,-2.06180,00115,3,184,12,29.7,5.5,0.181,19.20,100.77,56.16,4240,7774,336.0*1A57
$$LKR01,175,17:31:35,51.87280,-2.06178,00115,3,166,12,29.7,5.5,0.176,19.15,100.76,56.63,4883,8738,332.2*2A90
$$LKR01,176,17:31:41,51.87271,-2.06175,00116,3,174,12,29.7,5.5,0.176,19.13,100.76,56.92,9465,15139,336.2*3F7D
$$LKR01,177,17:31:47,51.87262,-2.06171,00119,3,165,12,29.7,5.5,0.128,19.10,100.75,57.03,9208,14882,332.3*2F2F
$$LKR01,178,17:31:53,51.87254,-2.06170,00123,1,0,12,29.7,5.5,0.128,19.08,100.75,57.23,6939,11436,336.0*B2CE
$$LKR01,1,17:32:08,51.87252,-2.06168,00123,0,0,12,29.8,5.5,0.180,19.08,100.75,57.14,8095,13171,337.4*404D
$$LKR01,2,17:32:14,51.87249,-2.06168,00121,5,171,12,29.8,5.5,0.180,19.07,100.75,57.27,6939,11436,331.8*898F
$$LKR01,3,17:32:20,51.87243,-2.06168,00118,3,173,12,29.8,5.5,0.181,19.02,100.74,56.90,771,3084,336.4*9510
$$LKR01,4,17:32:26,51.87236,-2.06164,00122,5,164,12,29.8,5.5,0.181,18.98,100.74,56.84,514,3084,332.3*3EA3
$$LKR01,5,17:32:32,51.87227,-2.06161,00122,7,164,12,29.8,5.5,0.181,18.89,100.72,56.61,7453,12207,336.0*1353
$$LKR01,6,17:32:38,51.87217,-2.06156,00123,5,161,12,29.8,5.5,0.181,18.83,100.71,57.54,2827,5782,336.2*3937
$$LKR01,7,17:32:44,51.87210,-2.06150,00125,5,171,12,29.8,5.5,0.127,18.77,100.71,58.42,4240,7517,332.2*9FC2
$$LKR01,8,17:32:49,51.87207,-2.06148,00123,3,158,12,29.8,5.5,0.127,18.73,100.70,58.12,3084,6296,332.3*761B
$$LKR01,9,17:32:55,51.87199,-2.06145,00126,1,167,12,29.8,5.5,0.131,18.67,100.69,58.36,2184,5075,336.4*E697
$$LKR01,10,17:33:01,51.87191,-2.06141,00132,7,168,12,29.8,5.5,0.131,18.63,100.69,58.73,3726,7260,336.0*0D27
$$LKR01,11,17:33:07,51.87182,-2.06139,00131,3,169,12,29.8,5.5,0.125,18.58,100.66,58.95,0,2056,332.3*FCC8
$$LKR01,12,17:33:13,51.87177,-2.06136,00131,3,158,12,29.8,5.5,0.125,18.55,100.64,58.67,514,2827,336.2*DB11
$$LKR01,13,17:33:19,51.87171,-2.06133,00138,3,0,12,29.8,5.5,0.126,18.53,100.63,58.68,514,2570,340.4*A744
$$LKR01,14,17:33:25,51.87164,-2.06128,00138,3,149,12,29.8,5.5,0.126,18.51,100.62,58.35,771,3341,336.2*C350
$$LKR01,15,17:33:31,51.87156,-2.06126,00140,0,0,12,29.8,5.5,0.173,18.50,100.61,57.11,0,1799,332.7*8FC2
$$LKR01,16,17:33:36,51.87152,-2.06125,00140,3,152,12,29.8,5.5,0.173,18.49,100.60,56.54,257,2056,332.2*5114
$$LKR01,17,17:33:42,51.87146,-2.06121,00142,1,0,12,29.8,5.5,0.181,18.48,100.57,58.74,0,1799,336.4*5279
$$LKR01,18,17:33:48,51.87138,-2.06117,00144,1,0,12,29.8,5.5,0.181,18.43,100.56,59.03,0,1799,336.2*2DD6
$$LKR01,19,17:33:53,51.87129,-2.06112,00144,3,161,12,29.8,5.4,0.173,18.39,100.54,59.53,257,2313,336.2*127F
$$LKR01,20,17:33:59,51.87123,-2.06110,00138,3,158,12,29.8,5.4,0.173,18.37,100.54,59.60,0,1542,335.5*925E
$$LKR01,21,17:34:05,51.87117,-2.06103,00141,0,0,12,29.9,5.5,0.126,18.34,100.52,59.78,1927,4818,335.7*6F22
$$LKR01,22,17:34:11,51.87112,-2.06098,00143,3,162,12,29.8,5.5,0.126,18.31,100.51,59.46,771,3084,331.8*A475
$$LKR01,23,17:34:17,51.87105,-2.06095,00145,5,167,12,29.8,5.5,0.128,18.26,100.49,59.05,257,2313,335.7*B190
$$LKR01,24,17:34:23,51.87099,-2.06093,00148,0,0,12,29.8,5.5,0.128,18.25,100.48,59.41,257,2313,336.2*742A
$$LKR01,25,17:34:29,51.87090,-2.06089,00152,5,162,12,29.8,5.5,0.124,18.22,100.47,59.37,0,1799,336.2*6775
$$LKR01,26,17:34:34,51.87085,-2.06086,00152,5,160,12,29.8,5.5,0.124,18.20,100.46,59.54,0,1028,335.7*8FCC
$$LKR01,27,17:34:40,51.87075,-2.06085,00153,0,0,12,29.8,5.5,0.127,18.19,100.45,59.50,0,1542,335.7*69AB
$$LKR01,28,17:34:46,51.87069,-2.06080,00156,3,157,12,29.8,5.5,0.127,18.17,100.43,59.87,0,1285,335.9*3113
$$LKR01,29,17:34:52,51.87063,-2.06079,00159,3,163,12,29.8,5.5,0.146,18.11,100.42,60.16,257,2313,334.9*D8BF
$$LKR01,30,17:34:58,51.87054,-2.06079,00159,1,0,12,29.8,5.4,0.146,18.08,100.41,60.04,1927,4818,335.9*7984
$$LKR01,31,17:35:03,51.87048,-2.06082,00156,5,191,12,29.8,5.4,0.184,18.04,100.40,59.76,9509,15420,335.7*EEF6
$$LKR01,32,17:35:09,51.87033,-2.06080,00151,3,177,12,29.8,5.4,0.183,18.02,100.39,60.01,9509,15163,335.7*D80F
$$LKR01,33,17:35:15,51.87025,-2.06075,00150,3,150,12,29.8,5.4,0.183,18.01,100.38,60.52,10665,17154,336.0*1ABB
$$LKR01,34,17:35:22,51.87019,-2.06071,00147,3,170,12,29.8,5.4,0.138,17.97,100.36,61.20,8951,14111,335.7*A35F
$$LKR01,35,17:35:28,51.87012,-2.06063,00152,3,147,12,29.8,5.4,0.138,17.94,100.35,60.58,514,3084,335.7*ADC7
$$LKR01,36,17:35:33,51.87007,-2.06061,00155,3,156,12,29.8,5.5,0.127,17.90,100.34,60.78,514,2313,331.7*9BDB
$$LKR01,37,17:35:39,51.87003,-2.06058,00159,1,0,12,29.8,5.5,0.127,17.86,100.33,61.00,0,1542,331.8*BEC7
$$LKR01,38,17:35:45,51.86996,-2.06056,00161,5,156,12,29.8,5.5,0.128,17.82,100.32,60.89,0,1028,332.0*5AF6
$$LKR01,39,17:35:51,51.86988,-2.06053,00163,3,164,12,29.8,5.5,0.128,17.79,100.30,60.56,257,2570,331.5*87F1
$$LKR01,40,17:35:57,51.86981,-2.06048,00163,1,0,12,29.8,5.5,0.130,17.75,100.28,60.61,0,2056,331.7*A75E
$$LKR01,41,17:36:02,51.86977,-2.06047,00165,3,156,12,29.8,5.5,0.130,17.73,100.26,60.45,514,2570,335.7*6053
$$LKR01,42,17:36:08,51.86970,-2.06044,00166,1,0,12,29.8,5.5,0.145,17.71,100.25,60.43,257,2056,335.7*BFCE
$$LKR01,43,17:36:14,51.86963,-2.06043,00166,1,0,12,29.8,5.5,0.145,17.68,100.24,60.55,0,1542,335.5*8F1A
$$LKR01,44,17:36:20,51.86954,-2.06042,00170,3,178,12,29.8,5.4,0.182,17.67,100.23,61.13,0,1799,335.7*C880
$$LKR01,45,17:36:26,51.86947,-2.06041,00171,1,184,12,29.8,5.4,0.182,17.64,100.21,61.12,257,2570,335.5*CA91
$$LKR01,46,17:36:31,51.86944,-2.06038,00177,3,170,12,29.8,5.4,0.181,17.61,100.20,61.09,0,1799,331.3*94B5
$$LKR01,47,17:36:37,51.86937,-2.06035,00172,5,177,12,29.8,5.4,0.181,17.58,100.18,61.55,0,1799,331.2*F1CD
$$LKR01,48,17:36:43,51.86931,-2.06033,00173,5,175,12,29.8,5.5,0.126,17.57,100.17,61.53,0,1028,335.7*2F70
$$LKR01,49,17:36:49,51.86924,-2.06031,00172,5,175,12,29.8,5.5,0.126,17.57,100.15,61.61,514,2827,331.3*35BC
$$LKR01,50,17:36:55,51.86916,-2.06030,00178,3,168,12,29.8,5.5,0.128,17.57,100.14,61.89,771,3084,335.7*1925
$$LKR01,51,17:37:01,51.86911,-2.06028,00184,0,0,12,29.8,5.5,0.128,17.57,100.12,61.89,0,1285,335.7*96C3
$$LKR01,52,17:37:06,51.86906,-2.06025,00181,1,168,12,29.8,5.5,0.127,17.57,100.11,61.76,0,1028,335.7*EA9F
$$LKR01,53,17:37:12,51.86902,-2.06024,00181,1,0,12,29.8,5.5,0.127,17.57,100.09,61.80,0,1028,335.7*0420
$$LKR01,54,17:37:18,51.86896,-2.06019,00181,3,133,12,29.8,5.5,0.129,17.54,100.07,61.81,0,1028,335.7*883D
$$LKR01,55,17:37:24,51.86890,-2.06015,00180,1,0,12,29.8,5.5,0.129,17.52,100.06,61.56,0,1028,335.7*0A30
$$LKR01,56,17:37:29,51.86884,-2.06012,00177,1,0,12,29.8,5.5,0.168,17.51,100.05,60.82,0,1285,331.7*3FBA
$$LKR01,57,17:37:35,51.86879,-2.06005,00185,3,143,12,29.8,5.5,0.168,17.49,100.04,60.71,0,1799,335.7*078D
$$LKR01,58,17:37:41,51.86873,-2.06000,00182,0,0,12,29.7,5.4,0.180,17.48,100.03,61.04,257,2570,331.0*8699
$$LKR01,59,17:37:47,51.86869,-2.05999,00182,1,0,12,29.7,5.4,0.180,17.47,100.02,60.93,0,514,335.7*9BAF
$$LKR01,60,17:37:52,51.86864,-2.05996,00184,3,180,12,29.7,5.4,0.173,17.45,99.99,60.89,0,514,331.2*D4B3
$$LKR01,61,17:37:58,51.86857,-2.05995,00187,1,0,12,29.7,5.4,0.173,17.43,99.98,60.98,0,1542,335.7*87BE
$$LKR01,62,17:38:03,51.86850,-2.05990,00188,3,156,12,29.7,5.4,0.159,17.42,99.97,61.03,514,2827,331.7*BE74
$$LKR01,63,17:38:09,51.86842,-2.05982,00191,0,0,12,29.7,5.4,0.159,17.41,99.96,61.08,514,2570,335.2*8DBE
$$LKR01,64,17:38:15,51.86840,-2.05983,00194,0,0,12,29.7,5.5,0.130,17.41,99.94,61.19,1,2056,335.7*21AF
$$LKR01,65,17:38:21,51.86837,-2.05981,00195,1,0,12,29.7,5.5,0.130,17.41,99.93,61.23,514,2827,335.7*BFAE
$$LKR01,66,17:38:26,51.86835,-2.05978,00197,0,0,12,29.7,5.5,0.129,17.40,99.92,61.21,3084,6553,331.5*F00A
$$LKR01,67,17:38:32,51.86829,-2.05976,00197,3,158,12,29.7,5.5,0.129,17.40,99.91,61.84,0,2056,331.3*4915
$$LKR01,68,17:38:38,51.86825,-2.05971,00195,3,138,12,29.6,5.5,0.126,17.40,99.90,61.64,0,1799,331.7*3E63
$$LKR01,69,17:38:44,51.86819,-2.05969,00195,1,156,12,29.6,5.5,0.126,17.39,99.88,61.32,257,2056,335.7*5204
$$LKR01,70,17:38:49,51.86813,-2.05967,00194,5,146,12,29.6,5.5,0.133,17.36,99.87,61.16,0,1285,335.0*A550
$$LKR01,71,17:38:55,51.86806,-2.05961,00194,3,181,12,29.6,5.5,0.133,17.33,99.86,61.52,0,1028,335.2*CC3F
$$LKR01,72,17:39:01,51.86802,-2.05957,00196,1,0,12,29.6,5.4,0.179,17.30,99.85,61.59,0,771,331.2*CA65
$$LKR01,73,17:39:06,51.86798,-2.05949,00197,0,0,12,29.6,5.4,0.179,17.27,99.84,61.59,0,514,335.0*68AB
$$LKR01,74,17:39:12,51.86793,-2.05943,00202,1,0,12,29.6,5.4,0.180,17.24,99.82,61.57,0,514,335.9*711D
$$LKR01,75,17:39:18,51.86788,-2.05939,00213,3,154,12,29.6,5.4,0.180,17.21,99.81,61.53,0,514,335.4*BC84
$$LKR01,76,17:39:23,51.86783,-2.05934,00216,1,0,12,29.6,5.4,0.149,17.20,99.79,61.82,0,514,335.7*7C35
$$LKR01,77,17:39:29,51.86781,-2.05926,00216,3,146,12,29.6,5.4,0.149,17.19,99.78,61.85,0,257,335.2*5E9B
$$LKR01,78,17:39:35,51.86777,-2.05920,00224,3,131,12,29.6,5.5,0.129,17.17,99.77,61.91,0,1799,335.0*4443
$$LKR01,79,17:39:40,51.86772,-2.05911,00219,1,0,12,29.6,5.5,0.129,17.17,99.76,61.79,0,1542,335.2*5091
$$LKR01,80,17:39:46,51.86770,-2.05897,00215,0,0,12,29.6,5.5,0.130,17.16,99.74,61.56,0,2056,335.2*D699
$$LKR01,81,17:39:52,51.86769,-2.05894,00214,3,134,12,29.6,5.5,0.130,17.15,99.73,62.06,514,3084,335.0*CA1A
$$LKR01,82,17:39:57,51.86765,-2.05890,00215,3,148,12,29.5,5.5,0.127,17.15,99.72,61.99,0,514,335.2*A3BD
$$LKR01,83,17:40:03,51.86762,-2.05885,00216,0,0,11,29.6,5.5,0.127,17.12,99.70,61.95,0,514,335.2*F2C1
$$LKR01,84,17:40:09,51.86759,-2.05879,00213,3,0,12,29.5,5.5,0.135,17.10,99.70,62.01,0,514,331.2*5F13
$$LKR01,85,17:40:14,51.86755,-2.05872,00206,1,162,12,29.5,5.5,0.135,17.09,99.69,62.13,0,514,331.0*5D32
$$LKR01,86,17:40:20,51.86748,-2.05863,00209,5,149,12,29.5,5.4,0.179,17.08,99.67,61.83,0,771,331.7*AD52
$$LKR01,87,17:40:26,51.86742,-2.05856,00215,3,132,12,29.5,5.4,0.179,17.07,99.66,61.46,0,1028,335.7*3CED
$$LKR01,88,17:40:31,51.86737,-2.05846,00217,3,129,12,29.5,5.4,0.179,17.05,99.66,61.12,257,2313,335.0*D399
$$LKR01,89,17:40:37,51.86734,-2.05835,00219,3,104,12,29.5,5.4,0.179,17.03,99.64,61.94,257,2056,331.2*9705
$$LKR01,90,17:40:43,51.86733,-2.05826,00220,1,108,12,29.4,5.4,0.151,17.02,99.63,61.93,0,1799,335.7*F357
$$LKR01,91,17:40:49,51.86732,-2.05818,00221,1,0,12,29.4,5.4,0.151,17.02,99.62,61.73,0,1285,335.0*1289
$$LKR01,92,17:40:54,51.86728,-2.05811,00229,3,156,12,29.4,5.5,0.131,16.99,99.61,61.26,0,1542,335.2*1AF9
$$LKR01,93,17:41:00,51.86723,-2.05804,00233,3,124,12,29.4,5.5,0.131,16.98,99.60,61.05,0,771,331.2*6098
$$LKR01,94,17:41:06,51.86720,-2.05801,00231,1,163,12,29.4,5.5,0.134,16.97,99.59,61.18,0,771,334.9*A55D
$$LKR01,95,17:41:12,51.86717,-2.05796,00229,1,0,12,29.4,5.5,0.134,16.98,99.58,61.12,0,514,335.7*0CB6
$$LKR01,96,17:41:17,51.86713,-2.05790,00232,1,0,12,29.4,5.5,0.126,16.95,99.56,60.43,0,257,335.5*EF65
$$LKR01,97,17:41:23,51.86707,-2.05786,00235,3,172,12,29.4,5.5,0.126,16.95,99.56,60.16,0,514,331.7*F8F3
$$LKR01,98,17:41:28,51.86702,-2.05785,00235,1,0,12,29.4,5.5,0.141,16.95,99.55,60.25,0,0,334.9*DF46
$$LKR01,99,17:41:34,51.86699,-2.05784,00236,0,0,12,29.4,5.5,0.141,16.94,99.54,60.62,0,514,335.5*0A62
$$LKR01,100,17:41:39,51.86695,-2.05789,00237,3,236,12,29.4,5.5,0.177,16.94,99.53,60.21,0,771,335.7*7795
$$LKR01,101,17:41:45,51.86694,-2.05796,00238,5,273,12,29.4,5.5,0.177,16.94,99.52,59.92,0,514,335.7*0DF7
$$LKR01,102,17:41:51,51.86690,-2.05802,00235,3,0,12,29.3,5.4,0.181,16.94,99.52,59.56,0,514,335.7*D24B
$$LKR01,103,17:41:56,51.86690,-2.05811,00233,1,325,12,29.3,5.4,0.181,16.93,99.51,59.16,0,257,331.2*01AB
$$LKR01,104,17:42:02,51.86686,-2.05815,00233,1,0,12,29.4,5.4,0.180,16.92,99.48,59.03,0,514,335.5*D88D
$$LKR01,105,17:42:08,51.86681,-2.05820,00235,0,0,12,29.3,5.4,0.180,16.92,99.48,59.14,0,771,332.2*A07C
$$LKR01,106,17:42:13,51.86678,-2.05824,00235,1,0,12,29.3,5.5,0.128,16.92,99.47,59.33,0,257,335.4*9F97
$$LKR01,107,17:42:19,51.86673,-2.05828,00239,3,0,12,29.3,5.5,0.128,16.91,99.46,59.35,0,257,335.5*DBAF
$$LKR01,108,17:42:25,51.86671,-2.05836,00241,1,0,12,29.3,5.5,0.129,16.92,99.44,59.31,0,514,335.5*E88F
$$LKR01,109,17:42:30,51.86667,-2.05840,00243,1,0,12,29.3,5.5,0.129,16.91,99.42,59.32,0,257,335.7*F26F
$$LKR01,110,17:42:36,51.86661,-2.05845,00246,0,0,12,29.3,5.5,0.127,16.91,99.42,59.30,0,1028,335.5*D485
$$LKR01,111,17:42:42,51.86656,-2.05848,00239,0,199,12,29.2,5.5,0.127,16.91,99.40,58.93,514,2570,335.4*C79C
$$LKR01,112,17:42:48,51.86650,-2.05854,00233,1,200,12,29.2,5.5,0.128,16.91,99.39,59.06,514,3084,331.2*F13D
$$LKR01,113,17:42:53,51.86649,-2.05859,00233,3,192,12,29.2,5.5,0.128,16.91,99.38,58.91,1927,4818,335.2*348F
$$LKR01,114,17:42:59,51.86641,-2.05865,00234,3,212,12,29.2,5.4,0.180,16.92,99.36,58.80,2184,5075,335.5*41E7
$$LKR01,115,17:43:05,51.86637,-2.05873,00233,1,0,12,29.2,5.4,0.180,16.92,99.35,58.96,3983,7517,335.2*31A1
$$LKR01,116,17:43:11,51.86633,-2.05878,00236,5,243,12,29.2,5.4,0.180,16.91,99.34,59.28,6296,10472,335.2*15CE
$$LKR01,117,17:43:17,51.86627,-2.05888,00234,3,215,12,29.2,5.4,0.180,16.92,99.31,59.82,12079,18889,331.2*D630
$$LKR01,118,17:43:23,51.86621,-2.05891,00231,0,0,12,29.2,5.4,0.181,16.92,99.29,60.29,9208,14368,331.7*F899
$$LKR01,119,17:43:29,51.86620,-2.05893,00234,0,0,12,29.2,5.4,0.181,16.93,99.29,60.34,10922,17668,343.2*DD48
$$LKR01,120,17:43:35,51.86615,-2.05898,00238,3,218,12,29.2,5.5,0.127,16.93,99.28,60.89,16062,25121,335.7*33B7
$$LKR01,121,17:43:41,51.86611,-2.05903,00238,1,229,12,29.2,5.5,0.127,16.95,99.26,60.82,16962,26342,331.5*88EC
$$LKR01,122,17:43:47,51.86607,-2.05908,00243,1,204,12,29.2,5.5,0.127,16.94,99.24,59.80,12336,19917,331.7*B377
$$LKR01,123,17:43:53,51.86602,-2.05913,00246,1,207,12,29.2,5.5,0.127,16.94,99.23,59.32,11822,18632,335.2*2053
$$LKR01,124,17:43:59,51.86597,-2.05919,00247,1,0,12,29.2,5.5,0.138,16.93,99.21,59.98,13235,21395,335.0*7355
$$LKR01,125,17:44:05,51.86594,-2.05926,00250,1,209,12,29.2,5.5,0.138,16.93,99.20,59.99,13749,22166,334.9*FECF
$$LKR01,126,17:44:12,51.86591,-2.05929,00250,0,0,12,29.2,5.5,0.130,16.93,99.19,59.64,16962,26342,335.0*1FCA
$$LKR01,127,17:44:17,51.86589,-2.05934,00251,3,227,12,29.2,5.4,0.184,16.92,99.17,59.65,12978,20367,335.0*023A
$$LKR01,128,17:44:24,51.86588,-2.05944,00252,5,260,12,29.2,5.4,0.184,16.93,99.16,59.94,19789,31611,331.5*CE6F
$$LKR01,129,17:44:30,51.86585,-2.05955,00252,3,241,12,29.2,5.4,0.184,16.93,99.14,59.87,34738,54250,335.2*AAC3
$$LKR01,130,17:44:36,51.86582,-2.05963,00253,1,255,12,29.2,5.4,0.184,16.89,99.13,59.87,34995,54250,335.2*0D15
$$LKR01,131,17:44:42,51.86580,-2.05970,00254,0,0,12,29.1,5.4,0.178,16.92,99.11,59.62,38208,59711,335.7*8A56
$$LKR01,132,17:44:48,51.86581,-2.05969,00255,0,0,12,29.1,5.4,0.178,16.90,99.11,60.71,10408,16640,327.2*C1EB
$$LKR01,133,17:44:54,51.86581,-2.05969,00257,0,0,12,29.1,5.5,0.129,16.93,99.10,62.24,10364,16360,331.2*290A
$$LKR01,134,17:45:00,51.86581,-2.05968,00258,0,0,12,29.2,5.5,0.129,16.96,99.10,64.28,10107,16103,327.1*3849
$$LKR01,135,17:45:06,51.86579,-2.05975,00259,3,232,12,29.1,5.5,0.130,16.99,99.10,62.93,25314,39513,331.2*4103
$$LKR01,136,17:45:12,51.86575,-2.05983,00261,3,235,12,29.1,5.5,0.130,17.03,99.10,62.63,20431,32060,335.9*4EEF
$$LKR01,137,17:45:18,51.86571,-2.05990,00264,1,222,12,29.1,5.5,0.128,17.02,99.08,59.46,21588,33795,327.2*9B67
$$LKR01,138,17:45:24,51.86568,-2.05996,00265,3,252,12,29.1,5.5,0.128,16.99,99.06,59.84,25913,40454,331.2*AF62
$$LKR01,139,17:45:30,51.86566,-2.06005,00265,3,245,12,29.1,5.5,0.131,17.00,99.05,59.76,27884,44011,320.1*EA75
$$LKR01,140,17:45:36,51.86563,-2.06014,00266,3,243,12,29.1,5.5,0.131,16.99,99.03,59.33,20431,32317,335.0*F550
$$LKR01,141,17:45:42,51.86562,-2.06017,00267,1,256,12,29.1,5.4,0.183,17.02,99.01,59.24,31397,48984,331.5*B967
$$LKR01,142,17:45:48,51.86560,-2.06025,00267,3,225,12,29.1,5.4,0.183,17.01,99.01,59.25,18375,28848,331.2*85D3
$$LKR01,143,17:45:54,51.86555,-2.06033,00268,3,240,12,29.0,5.4,0.184,17.01,98.99,58.78,19275,30069,334.7*4337
$$LKR01,144,17:46:00,51.86553,-2.06043,00269,3,251,12,29.0,5.4,0.185,17.02,98.99,59.19,20688,32831,330.7*07AF
$$LKR01,145,17:46:06,51.86551,-2.06054,00271,3,254,12,29.0,5.4,0.185,17.03,98.97,59.28,23258,36815,330.5*518A
$$LKR01,146,17:46:13,51.86549,-2.06065,00272,3,268,12,29.0,5.4,0.128,17.03,98.95,58.95,24158,38036,335.0*260A
$$LKR01,147,17:46:19,51.86546,-2.06075,00273,3,245,12,29.0,5.4,0.128,17.03,98.94,58.79,19018,30069,331.2*F419
$$LKR01,148,17:46:25,51.86543,-2.06082,00275,1,241,12,29.0,5.4,0.129,17.05,98.93,58.76,19018,29812,334.9*DC76
$$LKR01,149,17:46:31,51.86542,-2.06084,00275,0,0,12,28.9,5.4,0.129,17.06,98.91,58.47,26471,41505,331.7*C7AA
$$LKR01,150,17:46:37,51.86542,-2.06084,00274,0,0,12,28.9,5.5,0.131,17.07,98.92,58.61,25828,40541,331.5*3183
$$LKR01,151,17:46:43,51.86542,-2.06084,00276,0,0,12,28.9,5.5,0.131,17.08,98.91,59.09,17560,27540,331.2*DFB1
$$LKR01,152,17:46:49,51.86541,-2.06085,00277,3,219,12,28.9,5.4,0.130,17.10,98.91,58.90,15849,25144,334.9*84D0
$$LKR01,153,17:46:55,51.86537,-2.06092,00278,3,225,12,28.9,5.4,0.130,17.10,98.90,58.98,14392,23130,331.7*09E5
$$LKR01,154,17:47:01,51.86533,-2.06101,00278,1,0,12,28.9,5.4,0.178,17.10,98.89,57.89,32125,50243,331.5*89B7
$$LKR01,155,17:47:07,51.86528,-2.06109,00278,3,227,12,28.9,5.4,0.178,17.11,98.88,57.54,36409,57269,331.7*E2A5
$$LKR01,156,17:47:13,51.86524,-2.06116,00279,3,280,12,28.9,5.3,0.182,17.11,98.86,57.56,41035,63951,331.5*DA6C
$$LKR01,157,17:47:19,51.86522,-2.06127,00279,3,254,12,28.8,5.3,0.182,17.11,98.85,57.51,39878,62731,331.5*AA33
$$LKR01,158,17:47:25,51.86521,-2.06138,00279,5,255,12,28.8,5.3,0.178,17.11,98.84,57.06,35851,55704,327.7*2A29
$$LKR01,159,17:47:31,51.86519,-2.06147,00278,0,0,12,28.8,5.4,0.178,17.11,98.83,57.17,38722,60739,331.2*3D5F
$$LKR01,160,17:47:37,51.86517,-2.06155,00279,3,257,12,28.8,5.4,0.140,17.10,98.83,56.84,35895,55727,331.3*B383
$$LKR01,161,17:47:43,51.86515,-2.06165,00279,5,222,12,28.8,5.4,0.130,17.10,98.83,57.07,29555,46260,331.5*FF8A
$$LKR01,162,17:47:49,51.86510,-2.06162,00279,3,86,12,28.8,5.4,0.130,17.10,98.82,56.93,11822,18375,932.2*57EE
$$LKR01,163,17:47:55,51.86510,-2.06152,00280,5,102,12,28.8,5.4,0.130,17.08,98.81,56.90,13749,21395,901.6*5D7F
$$LKR01,164,17:48:01,51.86510,-2.06142,00281,3,69,12,28.8,5.4,0.130,17.07,98.80,56.63,15805,25121,331.5*92A7
$$LKR01,165,17:48:07,51.86510,-2.06132,00280,0,62,12,28.8,5.4,0.127,17.08,98.80,57.92,17861,28077,331.5*ED8D
$$LKR01,166,17:48:13,51.86510,-2.06128,00280,3,132,12,28.8,5.4,0.127,17.10,98.80,58.60,20688,32317,331.5*6760
$$LKR01,167,17:48:19,51.86507,-2.06121,00279,3,71,12,28.8,5.4,0.184,17.10,98.81,58.62,16705,26085,736.6*DDCF
$$LKR01,168,17:48:25,51.86508,-2.06112,00279,3,83,12,28.8,5.4,0.184,17.13,98.80,58.63,19275,30069,331.7*A1FF
$$LKR01,169,17:48:31,51.86509,-2.06102,00279,3,79,12,28.8,5.3,0.183,17.12,98.79,59.10,20431,32060,331.5*2696
$$LKR01,170,17:48:37,51.86510,-2.06092,00278,1,96,12,28.8,5.3,0.183,17.14,98.79,59.37,17861,28077,331.7*11DE
$$LKR01,171,17:48:44,51.86510,-2.06081,00278,3,91,12,28.8,5.3,0.182,17.15,98.79,58.97,16705,26342,335.5*BB29
$$LKR01,172,17:48:50,51.86510,-2.06070,00278,3,91,12,28.8,5.3,0.182,17.16,98.80,59.48,18118,28591,331.5*FA74
$$LKR01,173,17:48:55,51.86510,-2.06061,00278,3,80,12,28.8,5.4,0.131,17.18,98.79,58.55,18162,28614,331.7*C055
$$LKR01,174,17:49:01,51.86512,-2.06053,00279,1,75,12,28.8,5.4,0.131,17.17,98.78,58.40,17817,28054,333.5*F29A
$$LKR01,1,17:49:16,51.86511,-2.06029,00279,3,84,12,28.8,5.4,0.134,17.20,98.78,57.84,18118,28077,332.7*993D
$$LKR01,2,17:49:22,51.86511,-2.06018,00279,3,79,12,28.8,5.4,0.134,17.20,98.78,57.52,18118,28591,327.4*1641
$$LKR01,3,17:49:28,51.86512,-2.06007,00280,3,91,12,28.8,5.3,0.183,17.20,98.79,58.58,17219,27113,331.7*2D42
$$LKR01,4,17:49:34,51.86515,-2.06000,00280,1,63,12,28.8,5.3,0.183,17.19,98.79,58.24,16918,26576,329.2*F603
$$LKR01,5,17:49:40,51.86514,-2.05999,00280,0,0,12,28.8,5.3,0.183,17.20,98.79,58.51,16705,26599,335.7*1C2D
$$LKR01,6,17:49:46,51.86513,-2.06000,00280,0,0,12,28.8,5.3,0.183,17.20,98.79,59.40,26003,42433,335.7*271E
$$LKR01,7,17:49:52,51.86514,-2.06000,00280,0,0,12,28.8,5.3,0.136,17.23,98.79,58.89,25787,40909,331.5*1A7B
$$LKR01,8,17:49:57,51.86514,-2.05999,00280,0,0,12,28.9,5.3,0.136,17.25,98.79,57.45,24715,38573,335.5*1D0A
$$LKR01,9,17:50:03,51.86514,-2.05998,00280,0,0,12,28.9,5.4,0.132,17.26,98.79,57.11,24672,38036,916.7*2A37
$$LKR01,10,17:50:09,51.86514,-2.05998,00280,0,0,12,28.9,5.4,0.132,17.26,98.79,57.89,14520,22551,869.6*48BB
$$LKR01,11,17:50:15,51.86514,-2.05998,00277,0,0,12,29.0,5.4,0.128,17.28,98.79,57.33,11051,17604,869.6*1FBD
$$LKR01,12,17:50:21,51.86513,-2.05998,00278,0,0,12,29.0,5.4,0.128,17.24,98.79,58.70,24001,40420,910.3*6539
$$LKR01,13,17:50:27,51.86513,-2.05998,00277,0,0,12,29.1,5.4,0.138,17.16,98.79,56.36,0,17861,941.5*AEA9
$$LKR01,14,17:50:32,51.86513,-2.05998,00277,0,0,12,29.1,5.4,0.138,17.18,98.79,59.96,0,0,335.7*814A
$$LKR01,15,17:50:38,51.86513,-2.05997,00277,0,0,12,29.1,5.4,0.183,17.07,98.79,56.08,0,0,332.0*AB04
$$LKR01,16,17:50:43,51.86512,-2.05997,00276,0,0,12,29.1,5.4,0.183,16.91,98.79,56.11,0,20995,340.2*4AD0
$$LKR01,17,17:50:49,51.86512,-2.05997,00276,0,0,12,29.1,5.3,0.187,16.85,98.79,57.04,0,0,339.7*15A0
$$LKR01,18,17:50:54,51.86513,-2.05996,00276,0,0,12,29.1,5.3,0.187,16.70,98.79,56.82,0,0,339.5*4658
$$LKR01,19,17:51:00,51.86513,-2.05996,00276,0,0,12,29.2,5.3,0.185,16.56,98.79,56.74,0,0,339.9*0AC1
$$LKR01,20,17:51:05,51.86513,-2.05996,00275,0,0,12,29.2,5.3,0.185,16.48,98.79,56.97,0,0,335.5*FD45
$$LKR01,21,17:51:11,51.86513,-2.05996,00275,0,0,12,29.2,5.3,0.147,16.39,98.79,56.78,0,0,335.9*2600
$$LKR01,22,17:51:16,51.86513,-2.05996,00275,0,0,12,29.2,5.3,0.147,16.34,98.79,57.10,0,0,336.0*0E6C
$$LKR01,23,17:51:22,51.86513,-2.05996,00275,0,0,12,29.2,5.4,0.129,16.28,98.79,57.27,0,0,339.7*1D5A
$$LKR01,24,17:51:27,51.86513,-2.05996,00275,0,0,12,29.2,5.4,0.129,16.28,98.79,57.69,0,0,339.7*C9B3
$$LKR01,25,17:51:33,51.86513,-2.05996,00275,0,0,12,29.2,5.4,0.129,16.23,98.79,57.61,0,0,336.0*7CCA
$$LKR01,26,17:51:38,51.86513,-2.05997,00275,0,0,12,29.2,5.4,0.129,16.17,98.79,58.35,0,7166,335.9*5B2B
$$LKR01,27,17:51:44,51.86514,-2.05997,00275,0,0,12,29.2,5.4,0.129,16.14,98.79,58.32,0,5795,335.7*CC51
$$LKR01,28,17:51:49,51.86514,-2.05997,00275,0,0,12,29.2,5.4,0.129,24.23,67.05,78.39,0,17411,339.9*35A0
$$LKR01,29,17:51:55,51.86514,-2.05998,00275,0,0,12,29.2,4.9,0.153,24.23,67.05,78.39,0,0,339.5*7855
$$LKR01,30,17:52:01,51.86514,-2.05998,00275,0,0,12,29.2,4.9,0.153,24.23,67.05,78.39,25428,0,340.0*E1E5
$$LKR01,31,17:52:06,51.86514,-2.05998,00274,0,0,12,29.3,5.3,0.186,24.23,67.05,78.39,25218,0,335.5*57CB
$$LKR01,32,17:52:12,51.86514,-2.05998,00274,0,0,12,29.3,5.3,0.186,24.23,67.05,78.39,24963,0,339.7*3299
$$LKR01,33,17:52:18,51.86514,-2.05998,00275,0,0,12,29.3,5.3,0.185,24.23,67.05,78.39,42752,4201,339.5*2E40
$$LKR01,34,17:52:23,51.86514,-2.05998,00275,0,0,12,29.4,5.3,0.185,24.23,67.05,78.39,29302,0,336.0*812F
$$LKR01,35,17:52:29,51.86515,-2.05998,00276,0,0,12,29.4,5.4,0.138,24.23,67.05,78.39,34173,18012,335.5*2DF8
$$LKR01,36,17:52:35,51.86515,-2.05999,00276,0,0,12,29.3,5.4,0.138,24.23,67.05,78.39,28443,0,339.7*A0D2
$$LKR01,37,17:52:41,51.86514,-2.06000,00276,0,0,12,29.4,5.4,0.130,24.23,67.05,78.39,0,26591,339.5*8E80
$$LKR01,38,17:52:46,51.86513,-2.06001,00277,0,0,12,29.4,5.4,0.130,24.23,67.05,78.39,24116,0,335.4*D7D8
$$LKR01,39,17:52:52,51.86513,-2.06001,00276,0,0,12,29.4,5.4,0.129,24.23,67.05,78.39,23859,0,336.0*C6A6
$$LKR01,40,17:52:58,51.86514,-2.06001,00276,0,0,12,29.4,5.4,0.129,24.23,67.05,78.39,24759,0,335.5*880D
$$LKR01,41,17:53:03,51.86514,-2.06000,00276,0,0,12,29.4,5.4,0.128,24.23,67.05,78.39,24115,0,339.5*3651
$$LKR01,42,17:53:09,51.86514,-2.05999,00276,0,0,12,29.4,5.4,0.128,24.23,67.05,78.39,24116,0,340.0*B87E
$$LKR01,43,17:53:15,51.86514,-2.05999,00276,0,0,12,29.4,4.9,0.156,24.23,67.05,78.39,24117,0,339.7*FF43
$$LKR01,44,17:53:20,51.86514,-2.05999,00276,0,0,12,29.4,4.9,0.156,24.23,67.05,78.39,24114,0,336.0*4226
$$LKR01,45,17:53:26,51.86513,-2.05999,00276,0,0,12,29.4,5.4,0.186,24.23,67.05,78.39,24114,0,339.3*E478
$$LKR01,46,17:53:32,51.86514,-2.05999,00276,0,0,12,29.4,5.4,0.186,24.23,67.05,78.39,24967,0,335.5*CB8D
$$LKR01,47,17:53:37,51.86514,-2.05999,00277,0,0,12,29.4,5.3,0.186,24.23,67.05,78.39,24113,0,339.7*B8BB
$$LKR01,48,17:53:43,51.86513,-2.05999,00277,0,0,12,29.4,5.3,0.185,24.23,67.05,78.39,24368,0,335.5*4279
$$LKR01,49,17:53:49,51.86514,-2.05999,00277,0,0,12,29.4,5.3,0.185,24.23,67.05,78.39,24325,0,339.5*DB07
$$LKR01,50,17:53:54,51.86514,-2.05999,00277,0,0,12,29.4,5.3,0.173,24.23,67.05,78.39,24967,0,335.4*168E
$$LKR01,51,17:54:00,51.86514,-2.05999,00277,0,0,12,29.4,5.4,0.173,24.23,67.05,78.39,0,0,335.9*C103
$$LKR01,52,17:54:06,51.86514,-2.05999,00277,0,0,12,29.4,5.4,0.136,24.23,67.05,78.39,25177,0,339.7*0DA9
$$LKR01,53,17:54:11,51.86514,-2.05999,00277,0,0,12,29.4,5.4,0.136,24.23,67.05,78.39,24320,0,335.5*A306
$$LKR01,54,17:54:17,51.86515,-2.05998,00277,0,0,12,29.4,5.4,0.129,24.23,67.05,78.39,25220,0,339.5*51AB
$$LKR01,55,17:54:23,51.86515,-2.05998,00277,0,0,12,29.4,5.4,0.129,24.23,67.05,78.39,24963,0,335.5*963B
$$LKR01,56,17:54:28,51.86515,-2.05998,00277,0,0,12,29.4,5.4,0.130,24.23,67.05,78.39,25222,0,339.5*7A71
$$LKR01,57,17:54:34,51.86515,-2.05998,00278,0,0,12,29.4,4.9,0.130,24.23,67.05,78.39,25219,0,340.0*570C
$$LKR01,58,17:54:40,51.86515,-2.05998,00278,0,0,12,29.4,4.9,0.177,24.23,67.05,78.39,0,0,339.7*865B
$$LKR01,59,17:54:45,51.86515,-2.05997,00279,0,0,12,29.4,4.9,0.177,24.23,67.05,78.39,0,0,336.0*20CF
$$LKR01,60,17:54:51,51.86515,-2.05997,00279,0,0,12,29.4,4.8,0.184,24.23,67.05,78.39,27384,0,339.5*DCD3
$$LKR01,61,17:54:56,51.86515,-2.05997,00279,0,0,12,29.4,4.8,0.184,24.23,67.05,78.39,27387,0,335.4*E071
$$LKR01,62,17:55:02,51.86515,-2.05997,00279,0,0,12,29.4,5.3,0.184,24.23,67.05,78.39,26532,0,335.9*7C83
$$LKR01,63,17:55:08,51.86515,-2.05997,00279,0,0,12,29.4,5.3,0.184,24.23,67.05,78.39,30152,0,339.7*C3C3
$$LKR01,64,17:55:13,51.86515,-2.05998,00279,0,0,12,29.4,5.3,0.177,24.23,67.05,78.39,25819,0,335.9*426E
$$LKR01,65,17:55:19,51.86514,-2.05998,00280,0,0,12,29.4,5.3,0.177,24.23,67.05,78.39,24326,0,335.5*A626
$$LKR01,66,17:55:24,51.86514,-2.05999,00279,0,0,12,29.4,5.4,0.134,24.23,67.05,78.39,0,26246,339.7*8320
$$LKR01,67,17:55:30,51.86514,-2.06000,00279,0,0,12,29.4,5.4,0.134,24.23,67.05,78.39,24112,0,339.5*691E
$$LKR01,68,17:55:36,51.86514,-2.06000,00279,0,0,12,29.3,5.4,0.128,24.23,67.05,78.39,26070,0,335.5*370A
$$LKR01,69,17:55:42,51.86514,-2.06000,00279,0,0,12,29.4,5.4,0.128,24.23,67.05,78.39,24365,0,335.9*12F4
$$LKR01,70,17:55:47,51.86514,-2.06000,00279,0,0,12,29.3,5.4,0.131,24.23,67.05,78.39,24578,0,336.4*16E1
$$LKR01,71,17:55:53,51.86514,-2.06000,00279,0,0,12,29.2,5.4,0.131,24.23,67.05,78.39,16796,0,335.5*438A

$$LKR01,4,17:56:51,51.86517,-2.06002,00290,0,0,4,28.9,5.3,0.184,0.00,0.00,0.00,18070,0,336.6*48AA
$$LKR01,5,17:56:57,51.86517,-2.06002,00290,0,0,4,28.9,5.3,0.184,0.00,0.00,0.00,18968,0,336.9*6E1E
$$LKR01,6,17:57:01,51.86517,-2.06001,00289,0,0,4,28.9,5.3,0.184,0.00,0.00,0.00,22448,0,337.1*839C
$$LKR01,7,17:57:07,51.86517,-2.06002,00289,0,0,6,28.9,5.3,0.184,0.00,0.00,0.00,27849,0,340.9*232D
$$LKR01,8,17:57:12,51.86517,-2.06001,00290,0,0,8,28.9,4.8,0.131,0.00,0.00,0.00,0,0,337.6*08C9
$$LKR01,9,17:57:17,51.86517,-2.06001,00291,0,0,8,28.8,4.8,0.131,0.00,0.00,0.00,30734,23997,341.1*20D0
$$LKR01,10,17:57:22,51.86517,-2.06001,00291,0,0,8,28.8,4.9,0.128,0.00,0.00,0.00,0,25219,341.1*6374
$$LKR01,11,17:57:28,51.86517,-2.06001,00290,0,0,9,28.8,4.9,0.128,0.00,0.00,0.00,28448,0,341.1*8CF9
$$LKR01,12,17:57:34,51.86517,-2.06002,00289,0,0,9,28.8,5.4,0.129,0.00,0.00,0.00,28492,0,341.6*EA43
$$LKR01,13,17:57:39,51.86517,-2.06002,00289,0,0,10,28.7,5.4,0.129,0.00,0.00,0.00,28702,0,341.3*22C1
$$LKR01,14,17:57:45,51.86517,-2.06002,00288,0,0,10,28.6,5.4,0.133,0.00,0.00,0.00,28488,0,337.1*57DB
$$LKR01,15,17:57:50,51.86517,-2.06002,00288,0,0,10,28.6,5.4,0.133,0.00,0.00,0.00,28701,0,341.1*8CD4
$$LKR01,16,17:57:56,51.86517,-2.06002,00288,0,0,10,28.6,4.9,0.163,0.00,0.00,0.00,0,0,341.1*2807
$$LKR01,17,17:58:01,51.86517,-2.06003,00288,0,0,10,28.6,4.9,0.163,0.00,0.00,0.00,6212,28141,341.4*CDA8
$$LKR01,18,17:58:06,51.86516,-2.06002,00287,0,0,10,28.6,5.3,0.184,0.00,0.00,0.00,9232,40307,341.1*8D2D
$$LKR01,19,17:58:12,51.86516,-2.06002,00286,0,0,10,28.5,5.3,0.184,0.00,0.00,0.00,8801,39321,337.6*738D
$$LKR01,20,17:58:18,51.86516,-2.06002,00286,0,0,10,28.5,5.3,0.180,0.00,0.00,0.00,9835,42790,341.1*3D4E
$$LKR01,21,17:58:24,51.86516,-2.06002,00287,0,0,10,28.5,5.3,0.180,0.00,0.00,0.00,9446,40798,337.1*EF6A
$$LKR01,22,17:58:29,51.86516,-2.06002,00287,0,0,10,28.5,4.8,0.135,0.00,0.00,0.00,24029,37586,337.1*6051
$$LKR01,23,17:58:35,51.86516,-2.06002,00285,0,0,10,28.5,4.8,0.135,0.00,0.00,0.00,8412,37329,332.5*BAE0
$$LKR01,24,17:58:41,51.86516,-2.06003,00285,0,0,10,28.4,4.9,0.129,0.00,0.00,0.00,26985,42276,332.0*D988
$$LKR01,25,17:58:46,51.86516,-2.06003,00285,0,0,10,28.4,4.9,0.129,0.00,0.00,0.00,8934,41569,331.5*398F
$$LKR01,26,17:58:52,51.86515,-2.06003,00284,0,0,10,28.4,5.4,0.138,0.00,0.00,0.00,8978,41078,331.5*3827
$$LKR01,27,17:58:58,51.86515,-2.06002,00283,0,0,10,28.3,5.4,0.138,0.00,0.00,0.00,8545,38807,327.5*0EA8
$$LKR01,28,17:59:03,51.86515,-2.06002,00282,0,0,11,28.2,5.4,0.131,0.00,0.00,0.00,8586,38316,331.5*56C1
$$LKR01,29,17:59:09,51.86515,-2.06002,00283,0,0,12,28.2,5.4,0.131,0.00,0.00,0.00,8586,38573,331.3*D89E
$$LKR01,30,17:59:15,51.86515,-2.06003,00282,0,0,12,28.2,4.9,0.164,0.00,0.00,0.00,24672,38807,331.5*084F
$$LKR01,31,17:59:20,51.86515,-2.06002,00281,0,0,12,28.2,4.9,0.164,0.00,0.00,0.00,8411,36815,335.5*9813
$$LKR01,32,17:59:26,51.86515,-2.06000,00281,0,0,12,28.1,5.3,0.182,0.00,0.00,0.00,7034,32148,324.0*0307
$$LKR01,33,17:59:32,51.86515,-2.06000,00282,0,0,12,28.1,5.3,0.182,0.00,0.00,0.00,7035,32405,335.5*FF5E
$$LKR01,34,17:59:37,51.86514,-2.06001,00282,1,201,12,28.1,5.3,0.184,0.00,0.00,0.00,6901,29899,346.6*1E96
$$LKR01,35,17:59:43,51.86512,-2.06006,00282,3,261,12,28.0,5.3,0.184,0.00,0.00,0.00,6335,25892,327.5*D23E
$$LKR01,36,17:59:49,51.86512,-2.06015,00282,3,268,12,27.9,4.8,0.137,0.00,0.00,0.00,15463,24181,331.2*B7C7
$$LKR01,37,17:59:55,51.86513,-2.06025,00282,0,295,12,27.9,4.8,0.137,0.00,0.00,0.00,5732,23410,335.4*E89C
$$LKR01,38,18:00:01,51.86513,-2.06025,00283,0,0,12,27.9,4.9,0.132,0.00,0.00,0.00,14392,22873,335.5*632F
$$LKR01,39,18:00:06,51.86513,-2.06025,00284,0,0,12,27.8,4.9,0.132,0.00,0.00,0.00,6076,24607,331.3*C0AD
$$LKR01,40,18:00:12,51.86512,-2.06032,00284,3,262,12,27.8,5.4,0.131,0.00,0.00,0.00,5768,21115,1059.4*DA98
$$LKR01,41,18:00:18,51.86513,-2.06043,00284,3,270,12,27.8,5.4,0.131,0.00,0.00,0.00,5768,21115,1066.2*2FBF
$$LKR01,42,18:00:24,51.86512,-2.06055,00283,3,258,12,27.7,5.4,0.135,0.00,0.00,0.00,5767,20858,923.1*62BB
$$LKR01,43,18:00:29,51.86510,-2.06063,00282,3,264,12,27.7,5.4,0.135,0.00,0.00,0.00,5555,20881,335.5*41AC
$$LKR01,44,18:00:35,51.86510,-2.06075,00281,3,267,12,27.6,4.9,0.156,0.00,0.00,0.00,13492,21395,331.5*D543
$$LKR01,45,18:00:41,51.86509,-2.06086,00281,3,264,12,27.6,4.9,0.156,0.00,0.00,0.00,5555,20881,811.8*BC3D
$$LKR01,46,18:00:47,51.86507,-2.06097,00280,3,265,12,27.6,4.8,0.181,0.00,0.00,0.00,6167,23644,328.0*7B8C
$$LKR01,47,18:00:53,51.86509,-2.06108,00281,3,294,12,27.5,4.8,0.181,0.00,0.00,0.00,5945,23130,331.7*FFB4
$$LKR01,48,18:00:58,51.86510,-2.06116,00280,3,259,12,27.4,5.3,0.182,0.00,0.00,0.00,5944,22616,335.0*9957
$$LKR01,49,18:01:04,51.86513,-2.06121,00279,1,354,12,27.4,5.3,0.182,0.00,0.00,0.00,7887,32060,331.7*C975
$$LKR01,50,18:01:10,51.86515,-2.06121,00276,0,0,12,27.3,5.3,0.156,0.00,0.00,0.00,9188,40541,331.5*4D6E
$$LKR01,51,18:01:16,51.86519,-2.06117,00276,1,27,12,27.3,5.3,0.156,0.00,0.00,0.00,7632,32574,335.5*E16D
$$LKR01,52,18:01:21,51.86524,-2.06117,00276,3,49,12,27.2,4.9,0.134,0.00,0.00,0.00,17476,28141,335.4*401E
$$LKR01,53,18:01:27,51.86527,-2.06112,00276,3,22,12,27.2,4.9,0.134,0.00,0.00,0.00,8543,38807,335.7*3D87
$$LKR01,54,18:01:33,51.86530,-2.06110,00274,0,0,12,27.2,5.4,0.131,0.00,0.00,0.00,7032,31377,331.5*67A7
$$LKR01,55,18:01:39,51.86530,-2.06109,00273,0,0,12,27.2,5.4,0.131,0.00,0.00,0.00,4910,19146,331.5*55B3
$$LKR01,56,18:01:44,51.86531,-2.06109,00273,0,0,12,27.2,5.4,0.131,0.00,0.00,0.00,5509,20344,335.5*6ED7
$$LKR01,57,18:01:50,51.86531,-2.06109,00273,0,0,12,27.2,5.4,0.131,0.00,0.00,0.00,4732,16617,331.5*A7EC
$$LKR01,58,18:01:56,51.86530,-2.06109,00273,0,0,12,27.2,4.9,0.130,0.00,0.00,0.00,11565,18118,335.9*D00D
$$LKR01,59,18:02:01,51.86530,-2.06109,00272,0,0,12,27.2,4.9,0.130,0.00,0.00,0.00,4910,19403,331.0*DFA5
$$LKR01,60,18:02:07,51.86530,-2.06109,00271,0,0,12,27.2,4.8,0.184,0.00,0.00,0.00,12079,19146,331.3*9E0D
$$LKR01,61,18:02:13,51.86530,-2.06109,00271,1,12,12,27.2,4.8,0.184,0.00,0.00,0.00,5765,20087,335.7*D3F1
$$LKR01,62,18:02:19,51.86531,-2.06102,00271,1,84,12,27.2,5.3,0.184,0.00,0.00,0.00,6987,30840,331.3*9886
$$LKR01,63,18:02:24,51.86533,-2.06097,00271,3,67,12,27.2,5.3,0.184,0.00,0.00,0.00,5821,25378,335.7*0D5D
$$LKR01,64,18:02:30,51.86536,-2.06089,00272,3,48,12,27.2,5.3,0.135,0.00,0.00,0.00,5555,20881,327.2*91D0
$$LKR01,65,18:02:36,51.86538,-2.06082,00271,3,93,12,27.2,5.3,0.135,0.00,0.00,0.00,7631,32317,331.7*97AF
$$LKR01,66,18:02:41,51.86540,-2.06074,00271,3,63,12,27.2,4.8,0.131,0.00,0.00,0.00,17861,28077,327.1*3AEE
$$LKR01,67,18:02:47,51.86542,-2.06065,00269,3,45,12,27.2,4.8,0.131,0.00,0.00,0.00,7109,28077,335.5*39FF
$$LKR01,68,18:02:53,51.86545,-2.06056,00268,1,73,12,27.2,5.4,0.131,0.00,0.00,0.00,7109,28077,331.5*8A22
$$LKR01,69,18:02:59,51.86550,-2.06048,00267,3,51,12,27.2,5.4,0.131,0.00,0.00,0.00,8276,33795,331.0*1D72
$$LKR01,70,18:03:04,51.86551,-2.06039,00266,3,56,12,27.2,5.4,0.131,0.00,0.00,0.00,8276,33795,331.5*CC14
$$LKR01,71,18:03:10,51.86556,-2.06030,00265,1,57,12,27.2,5.4,0.131,0.00,0.00,0.00,5166,18889,327.2*592C
$$LKR01,72,18:03:16,51.86560,-2.06019,00264,3,54,12,27.2,4.8,0.133,0.00,0.00,0.00,23001,36558,331.3*8135
$$LKR01,73,18:03:22,51.86566,-2.06006,00262,7,58,12,27.2,4.8,0.133,0.00,0.00,0.00,9320,42276,327.5*32D2
$$LKR01,74,18:03:27,51.86568,-2.05994,00259,5,57,12,27.1,4.8,0.183,0.00,0.00,0.00,27884,43497,335.4*3307
$$LKR01,75,18:03:33,51.86573,-2.05987,00257,3,48,12,27.1,4.8,0.183,0.00,0.00,0.00,8196,36067,331.7*34DB
$$LKR01,76,18:03:39,51.86577,-2.05977,00256,3,53,12,27.1,5.3,0.186,0.00,0.00,0.00,8330,38573,332.0*2EC0
$$LKR01,77,18:03:45,51.86583,-2.05968,00255,3,40,12,27.1,5.3,0.186,0.00,0.00,0.00,9321,42276,331.7*B249
$$LKR01,78,18:03:50,51.86585,-2.05959,00252,5,68,12,27.1,4.4,0.141,0.00,0.00,0.00,10786,47503,330.8*C787
$$LKR01,79,18:03:56,51.86588,-2.05947,00251,3,57,12,27.0,4.4,0.141,0.00,0.00,0.00,8409,36044,331.0*79AC
$$LKR01,80,18:04:02,51.86591,-2.05938,00250,3,42,12,27.0,4.8,0.139,0.00,0.00,0.00,20688,32574,331.0*CFA1
$$LKR01,81,18:04:08,51.86597,-2.05932,00250,5,8,12,27.0,4.8,0.139,0.00,0.00,0.00,5556,21138,331.3*8CE4
$$LKR01,82,18:04:13,51.86601,-2.05926,00248,5,27,12,27.0,5.4,0.130,0.00,0.00,0.00,6333,24864,335.2*C645
$$LKR01,83,18:04:19,51.86608,-2.05920,00246,3,26,12,26.9,5.4,0.130,0.00,0.00,0.00,5556,21138,335.0*270C
$$LKR01,84,18:04:25,51.86614,-2.05914,00244,3,30,12,26.9,5.4,0.133,0.00,0.00,0.00,3854,11693,334.9*BCA7
$$LKR01,85,18:04:31,51.86618,-2.05907,00242,3,29,12,26.9,5.4,0.133,0.00,0.00,0.00,4000,13685,331.2*C1FF
$$LKR01,86,18:04:36,51.86621,-2.05903,00240,3,43,12,26.9,4.8,0.131,0.00,0.00,0.00,10408,16640,331.0*4E45
$$LKR01,87,18:04:42,51.86625,-2.05896,00240,1,101,12,26.9,4.8,0.131,0.00,0.00,0.00,5945,23130,335.2*8CB6
$$LKR01,88,18:04:48,51.86625,-2.05890,00237,3,19,12,26.9,4.8,0.182,0.00,0.00,0.00,16062,25635,330.5*27C9
$$LKR01,89,18:04:54,51.86631,-2.05885,00236,3,8,12,26.9,4.8,0.182,0.00,0.00,0.00,4255,12914,1016.9*2B7C
$$LKR01,90,18:04:59,51.86637,-2.05881,00234,3,4,12,26.9,5.3,0.184,0.00,0.00,0.00,2323,8738,331.7*9B89
$$LKR01,91,18:05:05,51.86641,-2.05876,00234,5,7,12,26.9,5.3,0.184,0.00,0.00,0.00,390,4307,1061.1*9F5C
$$LKR01,92,18:05:11,51.86648,-2.05872,00233,3,13,12,26.9,5.3,0.141,0.00,0.00,0.00,65282,2827,980.7*A6D4
$$LKR01,93,18:05:16,51.86652,-2.05866,00232,3,45,12,26.9,5.3,0.141,0.00,0.00,0.00,65282,2570,1061.1*A0E6
$$LKR01,94,18:05:22,51.86656,-2.05860,00231,3,14,12,26.8,4.8,0.132,0.00,0.00,0.00,514,2827,980.7*F338
$$LKR01,95,18:05:28,51.86659,-2.05852,00229,1,0,12,26.8,4.8,0.132,0.00,0.00,0.00,65280,1028,331.5*D18E
$$LKR01,96,18:05:33,51.86662,-2.05847,00227,3,39,12,26.8,4.8,0.131,0.00,0.00,0.00,65280,514,946.9*BD13
$$LKR01,97,18:05:39,51.86667,-2.05839,00224,1,47,12,26.8,4.8,0.131,0.00,0.00,0.00,65280,771,332.2*0469
$$LKR01,98,18:05:45,51.86672,-2.05832,00221,1,0,12,26.8,5.4,0.131,0.00,0.00,0.00,65280,1285,861.6*E611
$$LKR01,99,18:05:50,51.86676,-2.05830,00220,1,0,12,26.8,5.4,0.131,0.00,0.00,0.00,65280,1028,1061.1*F0BC
$$LKR01,100,18:05:56,51.86679,-2.05823,00224,1,0,12,26.7,5.4,0.136,0.00,0.00,0.00,0,771,982.1*3ACE
$$LKR01,101,18:06:02,51.86682,-2.05813,00225,1,28,12,26.7,5.4,0.136,0.00,0.00,0.00,65280,1285,1059.4*B4C3
$$LKR01,102,18:06:07,51.86686,-2.05810,00227,5,34,12,26.6,4.8,0.176,0.00,0.00,0.00,0,1285,980.7*5C85
$$LKR01,103,18:06:13,51.86686,-2.05793,00225,1,0,12,26.6,4.8,0.176,0.00,0.00,0.00,65280,771,979.2*2C91
$$LKR01,104,18:06:19,51.86688,-2.05788,00221,7,18,12,26.6,5.3,0.182,0.00,0.00,0.00,65280,1028,1066.2*6C88
$$LKR01,105,18:06:25,51.86694,-2.05785,00220,0,0,12,26.5,5.3,0.182,0.00,0.00,0.00,65280,1542,1064.5*93A7
$$LKR01,106,18:06:30,51.86701,-2.05787,00218,1,0,12,26.4,5.2,0.139,0.00,0.00,0.00,65280,771,1062.8*10FC
$$LKR01,107,18:06:36,51.86702,-2.05789,00216,0,0,12,26.4,5.2,0.139,0.00,0.00,0.00,65280,771,1020.1*55B5
$$LKR01,108,18:06:42,51.86704,-2.05788,00218,0,0,12,26.4,4.8,0.131,0.00,0.00,0.00,0,771,1064.5*E83F
$$LKR01,109,18:06:47,51.86705,-2.05788,00218,0,0,12,26.4,4.8,0.131,0.00,0.00,0.00,65280,771,1021.7*03DE
$$LKR01,110,18:06:53,51.86711,-2.05790,00220,1,338,12,26.4,4.8,0.131,0.00,0.00,0.00,0,514,1066.2*E2D9
$$LKR01,111,18:06:59,51.86713,-2.05792,00220,0,0,12,26.4,4.8,0.131,0.00,0.00,0.00,65280,1028,1064.5*B393
$$LKR01,112,18:07:05,51.86716,-2.05792,00222,0,0,12,26.4,5.3,0.128,0.00,0.00,0.00,65280,1028,1064.5*ABD3
$$LKR01,113,18:07:10,51.86716,-2.05793,00223,0,0,12,26.4,5.3,0.128,0.00,0.00,0.00,65280,1028,1109.2*94D1
$$LKR01,114,18:07:16,51.86720,-2.05796,00223,1,0,12,26.4,5.3,0.130,0.00,0.00,0.00,65280,771,985.1*7085
$$LKR01,115,18:07:22,51.86723,-2.05799,00221,0,0,12,26.4,5.3,0.130,0.00,0.00,0.00,65280,1542,1066.2*F86B
$$LKR01,116,18:07:28,51.86723,-2.05797,00221,0,0,12,26.4,4.8,0.176,0.00,0.00,0.00,0,257,951.0*6C8E
$$LKR01,117,18:07:33,51.86723,-2.05797,00220,0,0,12,26.4,4.8,0.176,0.00,0.00,0.00,65280,257,952.4*B440
$$LKR01,118,18:07:39,51.86723,-2.05798,00220,1,334,12,26.4,5.2,0.177,0.00,0.00,0.00,65280,1028,952.4*39BE
$$LKR01,119,18:07:45,51.86727,-2.05805,00218,3,310,12,26.4,5.2,0.177,0.00,0.00,0.00,65282,2313,951.0*844A
$$LKR01,120,18:07:50,51.86728,-2.05813,00216,3,293,12,26.4,5.2,0.175,0.00,0.00,0.00,65281,2056,1026.4*06EB
$$LKR01,121,18:07:56,51.86732,-2.05820,00214,1,356,12,26.4,5.2,0.175,0.00,0.00,0.00,65280,1542,335.4*2172
$$LKR01,122,18:08:02,51.86734,-2.05820,00215,0,0,12,26.4,4.8,0.130,0.00,0.00,0.00,514,2827,951.0*CF71
$$LKR01,123,18:08:08,51.86734,-2.05827,00214,1,0,12,26.4,4.8,0.130,0.00,0.00,0.00,65282,2827,1066.2*D759
$$LKR01,124,18:08:14,51.86739,-2.05837,00216,1,312,12,26.4,4.8,0.132,0.00,0.00,0.00,65280,2056,331.7*38C1
$$LKR01,125,18:08:19,51.86742,-2.05841,00216,3,329,12,26.4,4.8,0.132,0.00,0.00,0.00,65280,1285,989.5*1D1E
$$LKR01,126,18:08:25,51.86744,-2.05847,00220,3,319,12,26.4,5.3,0.129,0.00,0.00,0.00,65280,771,335.0*7B94
$$LKR01,127,18:08:31,51.86748,-2.05852,00214,1,0,12,26.4,5.3,0.129,0.00,0.00,0.00,65280,771,862.7*9658
$$LKR01,128,18:08:37,51.86752,-2.05858,00214,1,0,12,26.4,5.3,0.129,0.00,0.00,0.00,65280,771,951.0*476A
$$LKR01,129,18:08:42,51.86757,-2.05865,00213,1,0,12,26.4,5.3,0.129,0.00,0.00,0.00,65280,257,1026.4*8475
$$LKR01,130,18:08:48,51.86761,-2.05870,00208,1,0,12,26.4,4.8,0.174,0.00,0.00,0.00,0,514,920.5*E169
$$LKR01,131,18:08:54,51.86764,-2.05876,00207,1,0,12,26.4,4.8,0.174,0.00,0.00,0.00,65280,1799,1069.7*3CF8
$$LKR01,132,18:08:59,51.86768,-2.05887,00208,3,309,12,26.4,5.2,0.179,0.00,0.00,0.00,65282,2570,1066.2*80F9
$$LKR01,133,18:09:05,51.86772,-2.05898,00206,3,300,12,26.4,5.2,0.179,0.00,0.00,0.00,65282,2827,1026.4*B191
$$LKR01,134,18:09:11,51.86776,-2.05902,00208,0,0,12,26.4,5.2,0.173,0.00,0.00,0.00,65280,1542,890.7*2F7A
$$LKR01,135,18:09:17,51.86779,-2.05907,00205,0,0,12,26.4,5.2,0.173,0.00,0.00,0.00,65280,771,991.0*F7CC
$$LKR01,136,18:09:23,51.86781,-2.05912,00204,1,0,12,26.4,4.8,0.134,0.00,0.00,0.00,0,514,331.5*72DB
$$LKR01,137,18:09:28,51.86786,-2.05919,00204,3,326,12,26.4,4.8,0.134,0.00,0.00,0.00,65280,771,331.0*7D9D
$$LKR01,138,18:09:34,51.86792,-2.05927,00202,1,0,12,26.4,4.8,0.132,0.00,0.00,0.00,65280,1028,331.2*F0E2
$$LKR01,139,18:09:40,51.86796,-2.05934,00201,0,0,12,26.4,4.8,0.132,0.00,0.00,0.00,65280,771,889.5*0FF3
$$LKR01,140,18:09:45,51.86800,-2.05940,00197,1,0,12,26.4,5.3,0.135,0.00,0.00,0.00,65280,771,890.7*F9E9
$$LKR01,141,18:09:51,51.86803,-2.05948,00194,1,319,12,26.4,5.3,0.135,0.00,0.00,0.00,65280,1285,331.5*A142
$$LKR01,142,18:09:57,51.86806,-2.05953,00191,0,0,12,26.4,5.3,0.131,0.00,0.00,0.00,65280,1285,331.5*02C8
$$LKR01,143,18:10:02,51.86810,-2.05959,00190,1,328,12,26.4,5.3,0.131,0.00,0.00,0.00,65280,1542,335.0*CFE8
$$LKR01,144,18:10:08,51.86815,-2.05961,00187,3,333,12,26.4,4.8,0.155,0.00,0.00,0.00,0,1799,330.8*46F4
$$LKR01,145,18:10:14,51.86821,-2.05966,00186,0,0,12,26.4,4.8,0.155,0.00,0.00,0.00,65280,1799,331.5*52BE
$$LKR01,146,18:10:20,51.86826,-2.05970,00188,0,305,12,26.4,5.2,0.181,0.00,0.00,0.00,65280,1799,331.0*BE47
$$LKR01,147,18:10:25,51.86827,-2.05970,00189,0,0,12,26.4,5.2,0.181,0.00,0.00,0.00,65282,2827,330.8*1BC5
$$LKR01,148,18:10:31,51.86832,-2.05972,00189,0,0,12,26.4,5.2,0.163,0.00,0.00,0.00,65282,2827,330.8*5A96
$$LKR01,149,18:10:37,51.86836,-2.05975,00190,0,0,12,26.5,5.2,0.163,0.00,0.00,0.00,65283,3084,331.5*73D0
$$LKR01,150,18:10:43,51.86840,-2.05977,00190,0,0,12,26.4,5.3,0.130,0.00,0.00,0.00,771,3341,331.0*C11C
$$LKR01,151,18:10:48,51.86844,-2.05979,00189,1,0,12,26.5,5.3,0.130,0.00,0.00,0.00,65281,2313,878.8*E4C3
$$LKR01,152,18:10:54,51.86848,-2.05982,00187,1,351,12,26.4,4.8,0.130,0.00,0.00,0.00,65280,257,976.3*8DCB
$$LKR01,153,18:11:00,51.86855,-2.05988,00184,1,0,12,26.5,4.8,0.130,0.00,0.00,0.00,65280,771,1012.3*658F
$$LKR01,154,18:11:06,51.86860,-2.05990,00181,1,0,12,26.5,5.3,0.126,0.00,0.00,0.00,65280,257,331.5*5999
$$LKR01,155,18:11:11,51.86864,-2.05994,00179,1,345,12,26.5,5.3,0.126,0.00,0.00,0.00,65282,2570,976.3*83A8
$$LKR01,156,18:11:17,51.86869,-2.05999,00178,1,0,12,26.5,5.3,0.133,0.00,0.00,0.00,65280,1542,1012.3*C51A
$$LKR01,157,18:11:23,51.86876,-2.06004,00176,1,0,12,26.5,4.8,0.133,0.00,0.00,0.00,65280,1028,1010.7*FD85
$$LKR01,158,18:11:29,51.86881,-2.06009,00176,3,337,12,26.5,4.8,0.160,0.00,0.00,0.00,65280,771,976.3*0C35
$$LKR01,159,18:11:34,51.86888,-2.06013,00174,3,338,12,26.5,4.7,0.160,0.00,0.00,0.00,65280,1285,1096.3*9D3A
$$LKR01,160,18:11:40,51.86892,-2.06016,00173,1,0,12,26.5,4.7,0.179,0.00,0.00,0.00,65280,771,1059.4*B62B
$$LKR01,161,18:11:46,51.86899,-2.06019,00169,3,349,12,26.5,5.2,0.179,0.00,0.00,0.00,65280,1285,1056.0*246C
$$LKR01,162,18:11:52,51.86906,-2.06019,00170,0,0,12,26.5,5.2,0.169,0.00,0.00,0.00,65280,0,916.7*C54E
$$LKR01,163,18:11:57,51.86909,-2.06018,00171,3,347,12,26.5,5.3,0.169,0.00,0.00,0.00,65280,257,327.1*0F49
$$LKR01,164,18:12:03,51.86914,-2.06020,00167,5,351,12,26.6,5.3,0.131,0.00,0.00,0.00,65280,1799,979.2*1E39
$$LKR01,165,18:12:09,51.86921,-2.06022,00167,1,347,12,26.6,4.8,0.131,0.00,0.00,0.00,0,1542,1147.8*22E2
$$LKR01,166,18:12:15,51.86925,-2.06024,00161,0,0,12,26.5,4.8,0.130,0.00,0.00,0.00,65280,771,1021.7*B53C
$$LKR01,167,18:12:21,51.86929,-2.06026,00161,1,345,12,26.5,5.3,0.130,0.00,0.00,0.00,65280,1285,1061.1*03B9
$$LKR01,168,18:12:26,51.86934,-2.06029,00161,3,0,12,26.5,5.3,0.127,0.00,0.00,0.00,65280,1542,1026.4*C005
$$LKR01,169,18:12:32,51.86940,-2.06033,00161,3,3,12,26.5,5.3,0.130,0.00,0.00,0.00,65280,1799,989.5*E125
$$LKR01,170,18:12:38,51.86946,-2.06032,00160,3,356,12,26.5,5.3,0.130,0.00,0.00,0.00,65280,1542,1066.2*9EA4
$$LKR01,171,18:12:44,51.86951,-2.06034,00158,0,0,12,26.5,4.8,0.157,0.00,0.00,0.00,0,1285,951.0*795C
$$LKR01,172,18:12:49,51.86957,-2.06035,00154,5,358,12,26.5,4.8,0.157,0.00,0.00,0.00,65280,1028,725.3*BF42
$$LKR01,173,18:12:55,51.86964,-2.06038,00155,1,0,12,26.5,4.7,0.178,0.00,0.00,0.00,0,1542,331.0*14A8
$$LKR01,174,18:13:01,51.86969,-2.06039,00152,1,341,12,26.5,4.7,0.178,0.00,0.00,0.00,65280,1542,686.8*A19E
$$LKR01,175,18:13:07,51.86977,-2.06044,00151,3,331,12,26.5,5.2,0.180,0.00,0.00,0.00,65280,1285,704.4*4735
$$LKR01,176,18:13:12,51.86980,-2.06047,00151,3,338,12,26.5,5.2,0.180,0.00,0.00,0.00,65280,1542,989.5*2FC4
$$LKR01,177,18:13:18,51.86986,-2.06051,00149,0,0,12,26.5,5.3,0.131,0.00,0.00,0.00,65280,1285,331.0*66DD
$$LKR01,178,18:13:24,51.86993,-2.06053,00152,3,341,12,26.5,5.3,0.131,0.00,0.00,0.00,65280,771,747.5*ECA2

$$LKR01,1,18:13:39,51.87001,-2.06055,00150,0,0,12,26.5,0.0,0.000,24.23,67.05,78.39,0,1285,332.7*8156
$$LKR01,2,18:13:44,51.87002,-2.06056,00150,3,344,12,26.5,0.0,0.000,24.23,67.05,78.39,65280,1542,327.1*160A
$$LKR01,3,18:13:50,51.87008,-2.06061,00150,3,328,12,26.5,0.0,0.000,24.23,67.05,78.39,65280,2056,334.9*6023
$$LKR01,4,18:13:56,51.87014,-2.06068,00148,1,338,12,26.5,0.0,0.000,24.23,67.05,78.39,65282,2570,327.2*C6EA
$$LKR01,5,18:14:02,51.87020,-2.06071,00147,3,321,12,26.5,0.0,0.000,24.23,67.05,78.39,2967,9958,866.1*B9FA
$$LKR01,6,18:14:08,51.87028,-2.06072,00147,1,0,12,26.5,0.0,0.000,24.23,67.05,78.39,1035,6039,326.7*4E37
$$LKR01,7,18:14:13,51.87033,-2.06073,00147,0,0,12,26.5,0.0,0.000,24.23,67.05,78.39,2967,9958,334.5*87DF
$$LKR01,8,18:14:19,51.87038,-2.06076,00144,1,349,12,26.5,0.0,0.000,24.23,67.05,78.39,1035,6039,335.0*E18C
$$LKR01,9,18:14:25,51.87045,-2.06078,00140,1,335,12,26.4,0.0,0.000,24.23,67.05,78.39,65280,1799,811.8*3626
$$LKR01,10,18:14:31,51.87051,-2.06078,00138,1,0,12,26.4,0.0,0.000,24.23,67.05,78.39,65280,1542,894.3*F296
$$LKR01,11,18:14:37,51.87058,-2.06079,00136,1,0,12,26.4,0.0,0.000,24.23,67.05,78.39,65280,1285,654.8*134F
$$LKR01,12,18:14:43,51.87062,-2.06081,00135,0,0,12,26.4,0.0,0.000,24.23,67.05,78.39,65280,771,767.4*9760
$$LKR01,13,18:14:48,51.87067,-2.06084,00132,1,0,12,26.4,0.0,0.000,24.23,67.05,78.39,65280,257,326.6*4504
$$LKR01,14,18:14:54,51.87075,-2.06085,00131,0,0,12,26.4,0.0,0.000,24.23,67.05,78.39,65280,1028,331.2*2C8C
$$LKR01,15,18:15:00,51.87083,-2.06089,00133,1,0,12,26.4,0.0,0.000,24.23,67.05,78.39,65280,1028,327.1*68A4
$$LKR01,16,18:15:06,51.87088,-2.06091,00134,3,345,12,26.4,0.0,0.000,24.23,67.05,78.39,65280,771,331.0*EDBE
$$LKR01,17,18:15:12,51.87096,-2.06090,00137,3,11,12,26.4,0.0,0.000,24.23,67.05,78.39,65280,771,327.1*70CF
$$LKR01,18,18:15:18,51.87102,-2.06094,00138,0,0,12,26.4,0.0,0.000,24.23,67.05,78.39,65280,1542,327.1*4B74
$$LKR01,19,18:15:23,51.87105,-2.06099,00134,3,304,12,26.4,0.0,0.000,24.23,67.05,78.39,65280,1028,912.9*F993
$$LKR01,20,18:15:29,51.87112,-2.06104,00133,1,342,12,26.4,0.0,0.000,24.23,67.05,78.39,65280,771,1056.0*7D1E
$$LKR01,21,18:15:35,51.87119,-2.06107,00129,1,297,12,26.4,0.0,0.000,24.23,67.05,78.39,65280,771,980.7*F6B5
$$LKR01,22,18:15:41,51.87123,-2.06112,00127,3,327,12,26.4,0.0,0.000,24.23,67.05,78.39,65280,1028,1103.7*FDF3
$$LKR01,23,18:15:47,51.87132,-2.06115,00127,0,0,12,26.4,0.0,0.000,24.23,67.05,78.39,65280,1028,916.7*761F
$$LKR01,24,18:15:53,51.87135,-2.06118,00124,5,339,12,26.4,0.0,0.000,24.23,67.05,78.39,65280,771,980.7*CB8D
$$LKR01,25,18:15:59,51.87144,-2.06123,00124,3,344,12,26.4,0.0,0.000,24.23,67.05,78.39,65280,514,327.7*21F4
$$LKR01,26,18:16:05,51.87148,-2.06128,00122,1,0,12,26.4,0.0,0.000,24.23,67.05,78.39,65280,1285,327.1*41C6
$$LKR01,27,18:16:11,51.87153,-2.06129,00122,0,0,12,26.4,0.0,0.000,24.23,67.05,78.39,65280,1285,1054.3*8735
$$LKR01,28,18:16:17,51.87157,-2.06131,00119,0,0,12,26.3,0.0,0.000,24.23,67.05,78.39,65280,1542,1016.9*5BBB
$$LKR01,29,18:16:22,51.87160,-2.06131,00120,1,335,12,26.4,0.0,0.000,24.23,67.05,78.39,65280,1285,327.7*A3E1
$$LKR01,30,18:16:29,51.87168,-2.06134,00116,1,0,12,26.3,0.0,0.000,24.23,67.05,78.39,65280,771,331.7*C4AC
$$LKR01,31,18:16:34,51.87173,-2.06135,00114,1,348,12,26.4,0.0,0.000,24.23,67.05,78.39,65280,1285,327.7*BDD1
$$LKR01,32,18:16:40,51.87182,-2.06137,00111,3,2,12,26.3,0.0,0.000,24.23,67.05,78.39,65280,1799,331.5*B649
$$LKR01,33,18:16:46,51.87189,-2.06142,00109,1,326,12,26.3,0.0,0.000,24.23,67.05,78.39,65281,2313,96.0*286A
$$LKR01,34,18:16:52,51.87193,-2.06144,00111,0,0,12,26.3,0.0,0.000,24.23,67.05,78.39,65283,3084,327.1*C4D0
$$LKR01,35,18:16:58,51.87201,-2.06149,00113,3,335,12,26.3,0.0,0.000,24.23,67.05,78.39,65283,2827,326.7*8382
$$LKR01,36,18:17:04,51.87207,-2.06152,00111,3,358,12,26.3,0.0,0.000,24.23,67.05,78.39,65282,2827,327.2*BFC1
$$LKR01,37,18:17:10,51.87217,-2.06156,00111,3,324,12,26.3,0.0,0.000,24.23,67.05,78.39,390,4047,327.2*00C0
$$LKR01,38,18:17:16,51.87224,-2.06160,00111,3,339,12,26.2,0.0,0.000,24.23,67.05,78.39,391,4818,1021.7*A950
$$LKR01,39,18:17:21,51.87229,-2.06160,00109,1,351,12,26.2,0.0,0.000,24.23,67.05,78.39,65280,1285,919.2*C7EE
$$LKR01,40,18:17:27,51.87238,-2.06162,00109,3,344,12,26.2,0.0,0.000,24.23,67.05,78.39,65280,2056,1026.4*4510
$$LKR01,41,18:17:33,51.87245,-2.06163,00107,1,0,12,26.2,0.0,0.000,24.23,67.05,78.39,65283,3084,331.2*7EC9
$$LKR01,42,18:17:39,51.87254,-2.06165,00107,0,0,12,26.2,0.0,0.000,24.23,67.05,78.39,1034,5525,331.0*BDFB
$$LKR01,43,18:17:45,51.87260,-2.06169,00107,3,0,12,26.2,0.0,0.000,24.23,67.05,78.39,1679,7774,331.0*7A44
$$LKR01,44,18:17:51,51.87268,-2.06171,00110,3,345,12,26.2,0.0,0.000,24.23,67.05,78.39,65280,1799,331.0*276C
$$LKR01,45,18:17:57,51.87273,-2.06172,00107,0,0,12,26.2,0.0,0.000,24.23,67.05,78.39,65280,1799,323.2*F59B
$$LKR01,46,18:18:03,51.87280,-2.06175,00106,1,0,12,26.2,0.0,0.000,24.23,67.05,78.39,65280,1285,326.7*7073
$$LKR01,47,18:18:08,51.87284,-2.06176,00107,3,345,12,26.2,0.0,0.000,24.23,67.05,78.39,65280,771,327.1*7ED0
$$LKR01,48,18:18:14,51.87292,-2.06180,00107,3,317,12,26.1,0.0,0.000,24.23,67.05,78.39,65280,257,327.2*346F
$$LKR01,49,18:18:20,51.87298,-2.06184,00103,5,357,12,26.1,0.0,0.000,24.23,67.05,78.39,65280,1285,330.7*607C
$$LKR01,50,18:18:26,51.87306,-2.06186,00102,1,355,12,26.1,0.0,0.000,24.23,67.05,78.39,65280,1028,327.1*6A7E
$$LKR01,51,18:18:32,51.87312,-2.06190,00102,3,346,12,26.1,0.0,0.000,24.23,67.05,78.39,65280,1028,331.7*B731
$$LKR01,52,18:18:38,51.87321,-2.06195,00106,1,0,12,26.1,0.0,0.000,24.23,67.05,78.39,65280,771,326.9*ED5D
$$LKR01,53,18:18:44,51.87327,-2.06202,00107,1,0,12,26.1,0.0,0.000,24.23,67.05,78.39,65280,1285,871.9*43EB
$$LKR01,54,18:18:50,51.87333,-2.06208,00107,3,323,12,26.1,0.0,0.000,24.23,67.05,78.39,65280,1028,327.2*ABE3
$$LKR01,55,18:18:56,51.87339,-2.06216,00112,3,335,12,26.1,0.0,0.000,24.23,67.05,78.39,65280,1285,331.5*9FD0
$$LKR01,56,18:19:02,51.87344,-2.06223,00112,7,333,12,26.1,0.0,0.000,24.23,67.05,78.39,65281,2056,989.5*D89B
$$LKR01,57,18:19:08,51.87354,-2.06233,00111,3,323,12,26.0,0.0,0.000,24.23,67.05,78.39,1679,7260,956.5*FB10
$$LKR01,58,18:19:14,51.87360,-2.06240,00110,3,325,12,26.0,0.0,0.000,24.23,67.05,78.39,65283,3084,991.0*6FC7
$$LKR01,59,18:19:20,51.87367,-2.06244,00107,3,358,12,25.9,0.0,0.000,24.23,67.05,78.39,65281,2056,1069.7*3D3E
$$LKR01,60,18:19:26,51.87376,-2.06249,00106,5,351,12,25.9,0.0,0.000,24.23,67.05,78.39,65282,2313,327.1*2418
$$LKR01,61,18:19:32,51.87383,-2.06253,00106,1,347,12,25.9,0.0,0.000,24.23,67.05,78.39,65281,2056,1114.9*1C1A
$$LKR01,62,18:19:38,51.87390,-2.06256,00105,5,356,12,25.9,0.0,0.000,24.23,67.05,78.39,1034,5525,989.5*B05D
$$LKR01,63,18:19:44,51.87399,-2.06258,00107,3,345,12,25.9,0.0,0.000,24.23,67.05,78.39,390,4304,327.2*809E
$$LKR01,64,18:19:49,51.87405,-2.06261,00105,1,0,12,25.9,0.0,0.000,24.23,67.05,78.39,65280,1542,963.5*8ABC
$$LKR01,65,18:19:55,51.87413,-2.06261,00101,5,7,12,25.9,0.0,0.000,24.23,67.05,78.39,65283,3341,327.2*F15D
$$LKR01,66,18:20:01,51.87421,-2.06262,00099,3,12,12,25.9,0.0,0.000,24.23,67.05,78.39,392,4818,873.0*1AFF
$$LKR01,67,18:20:07,51.87431,-2.06265,00098,3,352,12,25.9,0.0,0.000,24.23,67.05,78.39,1036,6039,994.0*85B1
$$LKR01,68,18:20:13,51.87437,-2.06271,00099,3,337,12,25.9,0.0,0.000,24.23,67.05,78.39,1679,7517,959.3*3B27
$$LKR01,69,18:20:19,51.87445,-2.06270,00098,5,15,12,25.9,0.0,0.000,24.23,67.05,78.39,2324,9252,327.2*D3D7
$$LKR01,70,18:20:24,51.87452,-2.06271,00097,5,357,12,25.9,0.0,0.000,24.23,67.05,78.39,1036,6296,327.1*CFA8
$$LKR01,71,18:20:30,51.87460,-2.06279,00099,1,0,12,25.9,0.0,0.000,24.23,67.05,78.39,1036,6296,331.2*174D
$$LKR01,72,18:20:36,51.87466,-2.06286,00099,3,326,12,25.9,0.0,0.000,24.23,67.05,78.39,1036,6296,331.0*DF9F
$$LKR01,73,18:20:42,51.87472,-2.06289,00098,1,0,12,25.9,0.0,0.000,24.23,67.05,78.39,2323,8738,331.5*13FB
$$LKR01,74,18:20:48,51.87481,-2.06292,00098,1,0,12,25.9,0.0,0.000,24.23,67.05,78.39,65282,2570,809.8*2F5B
$$LKR01,75,18:20:54,51.87487,-2.06301,00103,3,296,12,25.9,0.0,0.000,24.23,67.05,78.39,392,4818,327.2*B13F
$$LKR01,76,18:20:59,51.87489,-2.06310,00104,5,275,12,25.9,0.0,0.000,24.23,67.05,78.39,1036,6039,331.3*AEC7
$$LKR01,77,18:21:05,51.87489,-2.06323,00103,3,271,12,25.8,0.0,0.000,24.23,67.05,78.39,1680,7774,331.5*B730
$$LKR01,78,18:21:11,51.87490,-2.06329,00102,0,0,12,25.8,0.0,0.000,24.23,67.05,78.39,2968,10472,331.7*13FB
$$LKR01,79,18:21:17,51.87491,-2.06328,00101,0,0,12,25.8,0.0,0.000,24.23,67.05,78.39,3611,11179,331.5*B15A
$$LKR01,80,18:21:23,51.87491,-2.06327,00101,0,0,12,25.8,0.0,0.000,24.23,67.05,78.39,391,4818,331.8*E223
$$LKR01,81,18:21:29,51.87491,-2.06327,00101,1,0,12,25.8,0.0,0.000,24.23,67.05,78.39,2323,8481,335.5*ED9F
$$LKR01,82,18:21:34,51.87491,-2.06325,00102,1,208,12,25.8,0.0,0.000,24.23,67.05,78.39,2323,8738,332.0*7F47
$$LKR01,83,18:21:40,51.87491,-2.06328,00101,0,0,12,25.8,0.0,0.000,24.23,67.05,78.39,65280,257,327.5*8FCE
$$LKR01,84,18:21:46,51.87491,-2.06328,00101,0,0,12,25.8,0.0,0.000,24.23,67.05,78.39,65280,0,334.3*2EDE
$$LKR01,85,18:21:52,51.87491,-2.06329,00101,0,0,12,25.8,0.0,0.000,24.23,67.05,78.39,65280,0,334.7*6205
$$LKR01,86,18:21:58,51.87492,-2.06330,00102,0,0,12,25.8,0.0,0.000,24.23,67.05,78.39,65280,0,338.6*DACA
$$LKR01,87,18:22:03,51.87493,-2.06320,00100,13,75,12,25.8,0.0,0.000,24.23,67.05,78.39,65280,0,339.7*19D6
$$LKR01,88,18:22:09,51.87498,-2.06296,00097,5,56,12,25.8,0.0,0.000,24.23,67.05,78.39,65280,0,335.0*7DAC
$$LKR01,89,18:22:15,51.87521,-2.06303,00097,18,340,12,25.8,0.0,0.000,24.23,67.05,78.39,65280,0,339.7*6F9D
$$LKR01,90,18:22:20,51.87548,-2.06317,00097,26,341,12,25.8,0.0,0.000,24.23,67.05,78.39,65280,0,339.5*BE20
$$LKR01,91,18:22:26,51.87589,-2.06341,00098,31,340,12,25.9,0.0,0.000,24.23,67.05,78.39,65280,0,335.5*7D20
$$LKR01,92,18:22:32,51.87640,-2.06358,00097,33,355,12,25.9,0.0,0.000,24.23,67.05,78.39,65280,0,335.4*0D22
$$LKR01,93,18:22:38,51.87692,-2.06360,00094,33,358,12,25.9,0.0,0.000,24.23,67.05,78.39,65280,0,335.5*769C
$$LKR01,94,18:22:44,51.87743,-2.06361,00092,33,0,12,25.9,0.0,0.000,24.23,67.05,78.39,65280,0,335.7*0EE4
$$LKR01,95,18:22:50,51.87792,-2.06364,00092,33,355,12,25.9,0.0,0.000,24.23,67.05,78.39,65280,0,335.5*9760
$$LKR01,96,18:22:55,51.87828,-2.06365,00089,16,0,12,25.9,0.0,0.000,24.23,67.05,78.39,65280,0,335.5*79A7
$$LKR01,97,18:23:01,51.87839,-2.06338,00088,26,90,12,26.0,0.0,0.000,24.23,67.05,78.39,65280,65280,340.2*D858
$$LKR01,98,18:23:07,51.87840,-2.06263,00087,29,90,12,26.0,0.0,0.000,24.23,67.05,78.39,65280,0,340.2*6B6D
$$LKR01,99,18:23:13,51.87839,-2.06208,00087,7,94,12,26.1,0.0,0.000,24.23,67.05,78.39,65280,0,336.0*69DC
$$LKR01,100,18:23:19,51.87838,-2.06189,00087,16,103,12,26.1,0.0,0.000,24.23,67.05,78.39,65280,0,336.0*5326
$$LKR01,101,18:23:25,51.87833,-2.06130,00087,33,97,12,26.1,0.0,0.000,24.23,67.05,78.39,65280,0,335.7*5A3C
$$LKR01,102,18:23:31,51.87821,-2.06050,00088,35,107,12,26.1,0.0,0.000,24.23,67.05,78.39,65280,0,336.0*803C
$$LKR01,103,18:23:36,51.87804,-2.05976,00090,39,111,12,26.1,0.0,0.000,24.23,67.05,78.39,65280,0,340.2*9071
$$LKR01,104,18:23:42,51.87783,-2.05885,00090,39,109,12,26.1,0.0,0.000,24.23,67.05,78.39,65280,0,340.2*16E9
$$LKR01,105,18:23:48,51.87760,-2.05794,00092,39,105,12,26.1,0.0,0.000,24.23,67.05,78.39,65280,0,339.9*59B5
$$LKR01,106,18:23:54,51.87756,-2.05697,00089,44,73,12,26.1,0.0,0.000,24.23,67.05,78.39,65280,0,340.4*6983
$$LKR01,107,18:24:00,51.87788,-2.05595,00089,44,55,12,26.1,0.0,0.000,24.23,67.05,78.39,65280,0,340.2*CE38
$$LKR01,108,18:24:06,51.87820,-2.05508,00093,33,61,12,26.1,0.0,0.000,24.23,67.05,78.39,65280,0,340.0*CA80
$$LKR01,109,18:24:12,51.87835,-2.05466,00093,7,57,12,26.1,0.0,0.000,24.23,67.05,78.39,65280,0,340.2*1820
$$LKR01,110,18:24:17,51.87853,-2.05460,00093,29,353,12,26.2,0.0,0.000,24.23,67.05,78.39,65280,0,336.0*859F
$$LKR01,111,18:24:23,51.87905,-2.05460,00092,42,6,12,26.2,0.0,0.000,24.23,67.05,78.39,65280,0,340.9*FBB7
$$LKR01,112,18:24:29,51.87967,-2.05453,00090,40,357,12,26.2,0.0,0.000,24.23,67.05,78.39,65280,0,339.9*7652
$$LKR01,113,18:24:35,51.88024,-2.05483,00092,39,336,12,26.2,0.0,0.000,24.23,67.05,78.39,65280,0,340.2*14E5
$$LKR01,114,18:24:41,51.88082,-2.05519,00092,44,348,12,26.2,0.0,0.000,24.23,67.05,78.39,65280,0,340.2*64B2
$$LKR01,115,18:24:47,51.88149,-2.05541,00092,44,348,12,26.2,0.0,0.000,24.23,67.05,78.39,65280,0,340.0*B5F2
$$LKR01,116,18:24:53,51.88213,-2.05562,00091,42,347,12,26.2,0.0,0.000,24.23,67.05,78.39,65280,0,340.0*149B
$$LKR01,117,18:24:59,51.88273,-2.05587,00088,40,345,12,26.3,0.0,0.000,24.23,67.05,78.39,65280,0,340.2*49BA
$$LKR01,118,18:25:05,51.88329,-2.05611,00085,37,343,12,26.3,0.0,0.000,24.23,67.05,78.39,65280,0,340.2*AA58
$$LKR01,119,18:25:10,51.88371,-2.05630,00084,26,343,12,26.3,0.0,0.000,24.23,67.05,78.39,65280,0,340.2*FF94
$$LKR01,120,18:25:16,51.88397,-2.05642,00083,7,345,12,26.3,0.0,0.000,24.23,67.05,78.39,65280,0,340.2*B5A9
$$LKR01,121,18:25:22,51.88420,-2.05653,00082,31,344,12,26.4,0.0,0.000,24.23,67.05,78.39,65280,0,340.0*489F
$$LKR01,122,18:25:28,51.88473,-2.05677,00079,42,345,12,26.4,0.0,0.000,24.23,67.05,78.39,65280,0,340.2*F9DB
$$LKR01,123,18:25:34,51.88539,-2.05707,00077,44,342,12,26.4,0.0,0.000,24.23,67.05,78.39,65280,0,340.2*4EC9
$$LKR01,124,18:25:40,51.88609,-2.05738,00076,52,347,12,26.4,0.0,0.000,24.23,67.05,78.39,65280,0,340.2*2F33
$$LKR01,125,18:25:46,51.88684,-2.05769,00076,48,343,12,26.4,0.0,0.000,24.23,67.05,78.39,65280,0,340.0*AE70
$$LKR01,126,18:25:52,51.88760,-2.05787,00073,50,5,12,26.4,0.0,0.000,24.23,67.05,78.39,65280,0,340.7*601A
$$LKR01,127,18:25:57,51.88827,-2.05774,00075,46,348,12,26.5,0.0,0.000,24.23,67.05,78.39,65280,0,340.7*DCB0
$$LKR01,128,18:26:03,51.88887,-2.05822,00076,37,316,12,26.5,0.0,0.000,24.23,67.05,78.39,65280,0,334.7*4F26
$$LKR01,129,18:26:09,51.88917,-2.05868,00077,13,290,12,26.5,0.0,0.000,24.23,67.05,78.39,65280,0,340.2*B247
$$LKR01,130,18:26:15,51.88902,-2.05908,00074,31,254,12,26.6,0.0,0.000,24.23,67.05,78.39,65280,0,336.2*A49E
$$LKR01,131,18:26:21,51.88898,-2.05987,00072,31,281,12,26.6,0.0,0.000,24.23,67.05,78.39,65280,0,340.2*8A70
$$LKR01,132,18:26:27,51.88923,-2.06044,00071,22,322,12,26.6,0.0,0.000,24.23,67.05,78.39,65280,0,340.7*0C38
$$LKR01,133,18:26:33,51.88932,-2.06063,00072,3,258,12,26.6,0.0,0.000,24.23,67.05,78.39,65280,0,340.2*2BE2
$$LKR01,134,18:26:39,51.88931,-2.06066,00070,0,0,12,26.6,0.0,0.000,24.23,67.05,78.39,65280,0,340.0*258E
$$LKR01,135,18:26:44,51.88931,-2.06066,00070,0,0,12,26.7,0.0,0.000,24.23,67.05,78.39,65280,0,344.1*6FC2
$$LKR01,136,18:26:50,51.88931,-2.06066,00070,0,0,12,26.7,0.0,0.000,24.23,67.05,78.39,65280,0,340.2*7250
$$LKR01,137,18:26:56,51.88932,-2.06067,00070,1,291,12,26.7,0.0,0.000,24.23,67.05,78.39,65280,0,948.3*2E40
$$LKR01,138,18:27:02,51.88935,-2.06066,00072,0,0,12,26.8,0.0,0.000,24.23,67.05,78.39,2325,9252,1016.9*0B9C
$$LKR01,139,18:27:08,51.88934,-2.06068,00075,0,0,12,26.8,0.0,0.000,24.23,67.05,78.39,1680,8031,887.1*8E01
$$LKR01,140,18:27:13,51.88936,-2.06068,00077,0,0,12,26.8,0.0,0.000,24.23,67.05,78.39,2967,10215,336.7*8E4E
$$LKR01,141,18:27:19,51.88934,-2.06072,00078,0,0,12,26.8,0.0,0.000,24.23,67.05,78.39,1036,6553,1151.8*AC06
$$LKR01,142,18:27:25,51.88935,-2.06073,00079,0,0,12,26.8,0.0,0.000,24.23,67.05,78.39,65281,2570,336.7*4D28
$$LKR01,143,18:27:31,51.88935,-2.06073,00078,0,0,12,26.8,0.0,0.000,24.23,67.05,78.39,391,4561,336.6*3C5E
$$LKR01,144,18:27:37,51.88934,-2.06074,00078,1,0,12,26.8,0.0,0.000,24.23,67.05,78.39,65280,514,333.7*547D
$$LKR01,145,18:27:43,51.88936,-2.06072,00079,0,0,12,26.8,0.0,0.000,24.23,67.05,78.39,65280,0,334.2*3003
$$LKR01,146,18:27:49,51.88937,-2.06072,00080,1,0,12,26.8,0.0,0.000,24.23,67.05,78.39,65280,0,333.5*3B08
$$LKR01,147,18:27:54,51.88937,-2.06071,00080,7,243,12,26.8,0.0,0.000,24.23,67.05,78.39,65280,0,334.2*2C81
$$LKR01,148,18:28:00,51.88951,-2.06083,00080,7,0,12,26.8,0.0,0.000,24.23,67.05,78.39,65280,0,334.2*07B7
$$LKR01,149,18:28:06,51.88948,-2.06091,00075,0,0,11,26.8,0.0,0.000,24.23,67.05,78.39,65280,0,334.7*AB80
$$LKR01,150,18:28:11,51.88943,-2.06086,00077,0,0,12,26.8,0.0,0.000,24.23,67.05,78.39,65280,0,334.2*F705
$$LKR01,151,18:28:17,51.88941,-2.06084,00077,1,0,12,26.8,0.0,0.000,24.23,67.05,78.39,65280,0,334.0*AE04
$$LKR01,152,18:28:23,51.88939,-2.06082,00083,7,0,11,26.8,0.0,0.000,24.23,67.05,78.39,65280,0,334.2*4185
$$LKR01,153,18:28:29,51.88939,-2.06084,00082,3,0,12,26.8,0.0,0.000,24.23,67.05,78.39,65280,0,334.2*D6CB
$$LKR01,154,18:28:34,51.88932,-2.06081,00086,1,0,12,26.8,0.0,0.000,24.23,67.05,78.39,65280,0,334.2*A2D9
$$LKR01,155,18:28:40,51.88931,-2.06085,00081,3,0,11,26.8,0.0,0.000,24.23,67.05,78.39,65280,0,334.0*36BC
$$LKR01,156,18:28:46,51.88929,-2.06086,00079,1,0,12,26.8,0.0,0.000,24.23,67.05,78.39,65280,0,333.8*2584
$$LKR01,157,18:28:52,51.88929,-2.06086,00073,1,0,12,26.8,0.0,0.000,24.23,67.05,78.39,65280,0,334.0*0710
$$LKR01,158,18:28:57,51.88934,-2.06085,00071,1,0,12,26.8,0.0,0.000,24.23,67.05,78.39,65280,0,338.3*DA42
$$LKR01,159,18:29:03,51.88932,-2.06084,00066,3,0,10,26.8,0.0,0.000,24.23,67.05,78.39,65280,0,333.8*FECC
$$LKR01,160,18:29:09,51.88935,-2.06087,00059,0,0,11,26.8,0.0,0.000,24.23,67.05,78.39,65280,0,334.2*C8B3
$$LKR01,161,18:29:15,51.88943,-2.06093,00055,1,0,12,26.8,0.0,0.000,24.23,67.05,78.39,65280,0,334.2*89A4
$$LKR01,162,18:29:20,51.88945,-2.06098,00049,5,0,12,26.8,0.0,0.000,24.23,67.05,78.39,65280,0,334.5*B5E6
$$LKR01,163,18:29:26,51.88940,-2.06105,00057,5,0,12,26.8,0.0,0.000,24.23,67.05,78.39,65280,0,334.5*4AAA
$$LKR01,164,18:29:32,51.88939,-2.06103,00061,3,0,12,26.8,0.0,0.000,24.23,67.05,78.39,65280,0,334.2*3BF4
$$LKR01,165,18:29:38,51.88937,-2.06097,00060,1,0,12,26.9,0.0,0.000,24.23,67.05,78.39,65280,0,334.2*7C3C
$$LKR01,166,18:29:43,51.88927,-2.06096,00053,0,0,12,26.8,0.0,0.000,24.23,67.05,78.39,65280,0,986.5*17ED
$$LKR01,167,18:29:49,51.88935,-2.06094,00055,0,0,12,26.9,0.0,0.000,24.23,67.05,78.39,65280,0,856.0*F7FF
$$LKR01,168,18:29:55,51.88927,-2.06088,00062,1,0,12,26.9,0.0,0.000,24.23,67.05,78.39,65280,0,333.0*482E
$$LKR01,169,18:30:00,51.88926,-2.06088,00064,1,0,12,26.9,0.0,0.000,24.23,67.05,78.39,65280,0,338.3*97A1
$$LKR01,170,18:30:06,51.88928,-2.06088,00069,1,0,12,26.9,0.0,0.000,24.23,67.05,78.3